0.100000 	 -2.000000 	 0.000000 	 0.000000 	 1.000000 	 0.000000 	 0.000000 
2.265306 	 -1.525398 	 0.001865 	 0.000363 	 0.804521 	 0.001317 	 0.000581 
0.311111 	 -2.000000 	 0.000000 	 0.000000 	 1.000000 	 0.000000 	 0.000000 
2.275510 	 -1.398638 	 0.003117 	 0.000602 	 0.591706 	 0.001457 	 0.000640 
0.522222 	 -2.000000 	 0.000000 	 0.000000 	 1.000000 	 0.000000 	 0.000000 
2.285714 	 -1.414117 	 0.004862 	 0.000931 	 0.692570 	 0.005066 	 0.002217 
0.733333 	 -1.999952 	 0.000000 	 0.000000 	 0.999988 	 0.000000 	 0.000000 
2.295918 	 -1.272768 	 0.002422 	 0.000459 	 0.148151 	 0.004442 	 0.001935 
0.944444 	 -1.869908 	 0.000045 	 0.000050 	 0.110191 	 0.000275 	 0.000291 
2.306122 	 -1.289717 	 0.001932 	 0.000363 	 0.217563 	 0.004935 	 0.002140 
1.155556 	 -1.991855 	 0.000035 	 0.000026 	 0.997879 	 0.000002 	 0.000002 
2.316327 	 -1.351501 	 0.002212 	 0.000412 	 0.558804 	 0.002574 	 0.001111 
1.366667 	 -1.971518 	 0.000121 	 0.000065 	 0.992423 	 0.000009 	 0.000007 
2.326531 	 -1.276244 	 0.002085 	 0.000385 	 0.242650 	 0.008847 	 0.003803 
1.577778 	 -1.775955 	 0.000646 	 0.000259 	 0.314450 	 0.000822 	 0.000521 
2.336735 	 -1.322501 	 0.002442 	 0.000447 	 0.428831 	 0.002543 	 0.001088 
1.788889 	 -1.866969 	 0.000576 	 0.000180 	 0.957997 	 0.000102 	 0.000057 
2.346939 	 -1.222923 	 0.004005 	 0.000727 	 0.288786 	 0.001887 	 0.000804 
2.000000 	 -1.761961 	 0.002526 	 0.000631 	 0.919040 	 0.000434 	 0.000217 
2.357143 	 -1.248941 	 0.003057 	 0.000550 	 0.336602 	 0.002528 	 0.001072 
2.000000 	 -1.579124 	 0.001350 	 0.000337 	 0.193294 	 0.001901 	 0.000950 
2.010204 	 -1.561433 	 0.001858 	 0.000460 	 0.345570 	 0.013292 	 0.006612 
2.367347 	 -1.199668 	 0.001928 	 0.000344 	 0.239327 	 0.014938 	 0.006310 
2.020408 	 -1.530189 	 0.001917 	 0.000470 	 0.095150 	 0.002283 	 0.001130 
2.377551 	 -1.208250 	 0.001942 	 0.000344 	 0.166621 	 0.014735 	 0.006198 
2.030612 	 -1.755073 	 0.001091 	 0.000265 	 0.918569 	 0.000210 	 0.000103 
2.387755 	 -1.205470 	 0.002954 	 0.000518 	 0.304675 	 0.002101 	 0.000880 
2.040816 	 -1.699751 	 0.003256 	 0.000782 	 0.879697 	 0.000647 	 0.000317 
2.397959 	 -1.220228 	 0.002081 	 0.000362 	 0.277964 	 0.000732 	 0.000305 
2.051020 	 -1.678053 	 0.001948 	 0.000463 	 0.883569 	 0.000405 	 0.000197 
2.408163 	 -1.186036 	 0.002127 	 0.000367 	 0.067082 	 0.003810 	 0.001582 
2.061224 	 -1.708469 	 0.002541 	 0.000598 	 0.900527 	 0.000495 	 0.000240 
2.418367 	 -1.185780 	 0.002179 	 0.000372 	 0.103116 	 0.004703 	 0.001945 
2.071429 	 -1.706742 	 0.002180 	 0.000508 	 0.897398 	 0.000452 	 0.000218 
2.428571 	 -1.148083 	 0.002973 	 0.000504 	 0.125760 	 0.010728 	 0.004418 
2.081633 	 -1.677127 	 0.001422 	 0.000328 	 0.876312 	 0.000287 	 0.000138 
2.438776 	 -1.194123 	 0.002628 	 0.000442 	 0.204574 	 0.002297 	 0.000942 
2.091837 	 -1.640731 	 0.002065 	 0.000472 	 0.854576 	 0.000680 	 0.000325 
2.448980 	 -1.170330 	 0.005622 	 0.000937 	 0.335131 	 0.008333 	 0.003403 
2.102041 	 -1.652544 	 0.003200 	 0.000724 	 0.856020 	 0.001520 	 0.000723 
2.459184 	 -1.158130 	 0.004733 	 0.000783 	 0.163209 	 0.007670 	 0.003119 
2.112245 	 -1.656900 	 0.001789 	 0.000401 	 0.871221 	 0.000555 	 0.000263 
2.469388 	 -1.155612 	 0.004176 	 0.000685 	 0.366559 	 0.010444 	 0.004230 
2.122449 	 -1.445776 	 0.002555 	 0.000567 	 0.109652 	 0.004294 	 0.002023 
2.479592 	 -1.124259 	 0.002499 	 0.000406 	 0.194607 	 0.004477 	 0.001806 
2.132653 	 -1.678022 	 0.002271 	 0.000499 	 0.882236 	 0.000954 	 0.000447 
2.142857 	 -1.568809 	 0.002277 	 0.000496 	 0.763499 	 0.000698 	 0.000326 
2.489796 	 -1.127894 	 0.003551 	 0.000573 	 0.057245 	 0.003647 	 0.001465 
2.153061 	 -1.588338 	 0.002396 	 0.000517 	 0.824575 	 0.000766 	 0.000356 
2.500000 	 -1.124233 	 0.002695 	 0.000431 	 0.095084 	 0.011772 	 0.004709 
2.163265 	 -1.562108 	 0.002047 	 0.000437 	 0.821440 	 0.000668 	 0.000309 
2.500000 	 -1.096163 	 0.004151 	 0.000664 	 0.085118 	 0.004247 	 0.001699 
2.173469 	 -1.606188 	 0.001656 	 0.000351 	 0.843334 	 0.000694 	 0.000319 
2.718182 	 -0.934076 	 0.001929 	 0.000261 	 0.068515 	 0.005925 	 0.002180 
2.183673 	 -1.473437 	 0.001752 	 0.000367 	 0.561359 	 0.000448 	 0.000205 
2.936364 	 -0.835784 	 0.002031 	 0.000236 	 0.070598 	 0.006315 	 0.002151 
2.193878 	 -1.566622 	 0.004453 	 0.000925 	 0.809884 	 0.003029 	 0.001380 
3.154545 	 -0.755169 	 0.001426 	 0.000143 	 0.062458 	 0.005658 	 0.001794 
2.204082 	 -1.440689 	 0.001558 	 0.000321 	 0.362815 	 0.002863 	 0.001299 
3.372727 	 -0.693621 	 0.001477 	 0.000130 	 0.066768 	 0.006671 	 0.001978 
2.214286 	 -1.344885 	 0.001283 	 0.000262 	 0.281811 	 0.004373 	 0.001975 
3.590909 	 -0.636081 	 0.002080 	 0.000161 	 0.034588 	 0.001957 	 0.000545 
2.224490 	 -1.452626 	 0.006170 	 0.001247 	 0.689524 	 0.010980 	 0.004936 
3.809091 	 -0.588153 	 0.002175 	 0.000150 	 0.039245 	 0.002477 	 0.000650 
2.234694 	 -1.368364 	 0.003326 	 0.000666 	 0.438201 	 0.001394 	 0.000624 
4.027273 	 -0.550672 	 0.001867 	 0.000115 	 0.065478 	 0.003439 	 0.000854 
2.244898 	 -1.512763 	 0.001660 	 0.000329 	 0.782191 	 0.000891 	 0.000397 
2.255102 	 -1.409224 	 0.003710 	 0.000730 	 0.400997 	 0.002745 	 0.001217 
4.245455 	 -0.507698 	 0.001540 	 0.000085 	 0.030904 	 0.001361 	 0.000321 
4.463636 	 -0.484287 	 0.001285 	 0.000065 	 0.047128 	 0.002012 	 0.000451 
4.681818 	 -0.453484 	 0.001138 	 0.000052 	 0.038942 	 0.001865 	 0.000398 
4.900000 	 -0.437061 	 0.001477 	 0.000062 	 0.037060 	 0.001974 	 0.000403 
