0.200000 	 -2.000000 	 0.000000 	 0.000000 	 1.000000 	 0.000000 	 0.000000 
2.270833 	 -1.502934 	 0.011921 	 0.002312 	 0.782628 	 0.005777 	 0.002544 
0.200000 	 -2.000000 	 0.000000 	 0.000000 	 1.000000 	 0.000000 	 0.000000 
2.270833 	 -1.527973 	 0.016971 	 0.003291 	 0.796065 	 0.009653 	 0.004251 
0.200000 	 -1.800000 	 0.000000 	 0.000000 	 0.000000 	 0.000000 	 0.000000 
2.270833 	 -1.452313 	 0.014897 	 0.002889 	 0.737545 	 0.009919 	 0.004368 
0.200000 	 -1.800000 	 0.000000 	 0.000000 	 0.000000 	 0.000000 	 0.000000 
2.270833 	 -1.463630 	 0.016237 	 0.003149 	 0.743624 	 0.012481 	 0.005496 
0.200000 	 -2.000000 	 0.000000 	 0.000000 	 1.000000 	 0.000000 	 0.000000 
2.270833 	 -1.424563 	 0.016034 	 0.003109 	 0.685434 	 0.022868 	 0.010070 
0.200000 	 -2.000000 	 0.000000 	 0.000000 	 1.000000 	 0.000000 	 0.000000 
2.270833 	 -1.410753 	 0.018557 	 0.003599 	 0.677546 	 0.020569 	 0.009058 
0.200000 	 -2.000000 	 0.000000 	 0.000000 	 1.000000 	 0.000000 	 0.000000 
2.270833 	 -1.527243 	 0.013721 	 0.002661 	 0.800139 	 0.006982 	 0.003075 
0.200000 	 -1.800000 	 0.000000 	 0.000000 	 0.000000 	 0.000000 	 0.000000 
2.270833 	 -1.469292 	 0.016623 	 0.003224 	 0.759157 	 0.007516 	 0.003310 
0.200000 	 -2.000000 	 0.000000 	 0.000000 	 1.000000 	 0.000000 	 0.000000 
2.270833 	 -1.432997 	 0.012326 	 0.002390 	 0.688331 	 0.013677 	 0.006023 
0.200000 	 -2.000000 	 0.000000 	 0.000000 	 1.000000 	 0.000000 	 0.000000 
2.270833 	 -1.522921 	 0.013460 	 0.002610 	 0.799144 	 0.005626 	 0.002478 
0.425000 	 -2.000000 	 0.000000 	 0.000000 	 1.000000 	 0.000000 	 0.000000 
2.291667 	 -1.406311 	 0.024721 	 0.004707 	 0.615483 	 0.068087 	 0.029711 
0.425000 	 -2.000000 	 0.000000 	 0.000000 	 1.000000 	 0.000000 	 0.000000 
2.291667 	 -1.233209 	 0.011340 	 0.002159 	 0.164955 	 0.017129 	 0.007474 
0.425000 	 -2.000000 	 0.000000 	 0.000000 	 1.000000 	 0.000000 	 0.000000 
2.291667 	 -1.372054 	 0.021058 	 0.004010 	 0.567574 	 0.072831 	 0.031781 
0.425000 	 -2.000000 	 0.000000 	 0.000000 	 1.000000 	 0.000000 	 0.000000 
2.291667 	 -1.288026 	 0.023070 	 0.004393 	 0.417433 	 0.065312 	 0.028500 
0.425000 	 -1.799972 	 0.000000 	 0.000002 	 0.299978 	 0.000000 	 0.000000 
2.291667 	 -1.507162 	 0.015006 	 0.002857 	 0.786122 	 0.013207 	 0.005763 
0.425000 	 -1.799945 	 0.000001 	 0.000003 	 0.300039 	 0.000000 	 0.000001 
2.291667 	 -1.255370 	 0.011145 	 0.002122 	 0.182531 	 0.023844 	 0.010405 
0.425000 	 -2.000000 	 0.000000 	 0.000000 	 1.000000 	 0.000000 	 0.000000 
2.291667 	 -1.401670 	 0.017444 	 0.003322 	 0.662202 	 0.022827 	 0.009961 
0.425000 	 -1.799894 	 0.000001 	 0.000006 	 0.400080 	 0.000001 	 0.000002 
2.291667 	 -1.474495 	 0.022231 	 0.004233 	 0.753828 	 0.019500 	 0.008509 
0.425000 	 -2.000000 	 0.000000 	 0.000000 	 1.000000 	 0.000000 	 0.000000 
2.291667 	 -1.336780 	 0.018763 	 0.003573 	 0.518656 	 0.061925 	 0.027022 
0.425000 	 -2.000000 	 0.000000 	 0.000000 	 1.000000 	 0.000000 	 0.000000 
2.291667 	 -1.379352 	 0.022911 	 0.004363 	 0.642676 	 0.028479 	 0.012427 
0.650000 	 -2.000000 	 0.000000 	 0.000000 	 1.000000 	 0.000000 	 0.000000 
2.312500 	 -1.392892 	 0.019706 	 0.003685 	 0.685381 	 0.017983 	 0.007776 
0.650000 	 -1.999825 	 0.000003 	 0.000008 	 0.999956 	 0.000000 	 0.000000 
2.312500 	 -1.394352 	 0.020712 	 0.003873 	 0.658406 	 0.024847 	 0.010745 
0.650000 	 -2.000000 	 0.000000 	 0.000000 	 1.000000 	 0.000000 	 0.000000 
2.312500 	 -1.422338 	 0.015053 	 0.002815 	 0.732117 	 0.008678 	 0.003753 
0.650000 	 -1.785587 	 0.000078 	 0.000186 	 0.175877 	 0.013286 	 0.020441 
2.312500 	 -1.463371 	 0.018149 	 0.003394 	 0.750850 	 0.011741 	 0.005077 
0.650000 	 -2.000000 	 0.000000 	 0.000000 	 1.000000 	 0.000000 	 0.000000 
2.312500 	 -1.469487 	 0.020083 	 0.003755 	 0.749800 	 0.013082 	 0.005657 
0.650000 	 -2.000000 	 0.000000 	 0.000000 	 1.000000 	 0.000000 	 0.000000 
0.650000 	 -1.787377 	 0.000073 	 0.000174 	 0.230836 	 0.005900 	 0.009077 
2.312500 	 -1.296803 	 0.024939 	 0.004664 	 0.465186 	 0.073695 	 0.031868 
0.650000 	 -1.999814 	 0.000004 	 0.000009 	 0.999953 	 0.000000 	 0.000000 
2.312500 	 -1.231366 	 0.019476 	 0.003642 	 0.301831 	 0.064286 	 0.027799 
0.650000 	 -1.999979 	 0.000000 	 0.000001 	 0.999995 	 0.000000 	 0.000000 
2.312500 	 -1.387387 	 0.017530 	 0.003278 	 0.664755 	 0.017074 	 0.007383 
0.650000 	 -2.000000 	 0.000000 	 0.000000 	 1.000000 	 0.000000 	 0.000000 
2.312500 	 -1.373677 	 0.014935 	 0.002793 	 0.646787 	 0.015729 	 0.006802 
0.875000 	 -1.999149 	 0.000016 	 0.000021 	 0.999787 	 0.000001 	 0.000001 
2.312500 	 -1.443155 	 0.019261 	 0.003602 	 0.749670 	 0.009606 	 0.004154 
0.875000 	 -1.999167 	 0.000016 	 0.000021 	 0.999792 	 0.000001 	 0.000001 
2.333333 	 -1.385453 	 0.025155 	 0.004620 	 0.662710 	 0.025749 	 0.011035 
0.875000 	 -1.999707 	 0.000006 	 0.000008 	 0.999927 	 0.000000 	 0.000000 
2.333333 	 -1.413850 	 0.014040 	 0.002579 	 0.716469 	 0.013963 	 0.005984 
0.875000 	 -1.999170 	 0.000018 	 0.000023 	 0.999792 	 0.000001 	 0.000001 
2.333333 	 -1.296018 	 0.012424 	 0.002282 	 0.532359 	 0.015195 	 0.006512 
0.875000 	 -1.999013 	 0.000019 	 0.000025 	 0.999753 	 0.000001 	 0.000001 
2.333333 	 -1.239961 	 0.009253 	 0.001699 	 0.246815 	 0.027826 	 0.011925 
0.875000 	 -1.999846 	 0.000003 	 0.000004 	 0.999961 	 0.000000 	 0.000000 
2.333333 	 -1.371639 	 0.027901 	 0.005125 	 0.611697 	 0.048652 	 0.020851 
0.875000 	 -1.998661 	 0.000030 	 0.000039 	 0.999665 	 0.000002 	 0.000002 
2.333333 	 -1.281098 	 0.025346 	 0.004655 	 0.411562 	 0.094901 	 0.040672 
0.875000 	 -1.997665 	 0.000044 	 0.000057 	 0.999397 	 0.000003 	 0.000003 
2.333333 	 -1.246301 	 0.009511 	 0.001747 	 0.374763 	 0.040016 	 0.017150 
0.875000 	 -1.998840 	 0.000024 	 0.000031 	 0.999710 	 0.000001 	 0.000002 
2.333333 	 -1.420390 	 0.014893 	 0.002735 	 0.737168 	 0.007254 	 0.003109 
0.875000 	 -1.999348 	 0.000013 	 0.000016 	 0.999837 	 0.000001 	 0.000001 
2.333333 	 -1.210463 	 0.014055 	 0.002581 	 0.428005 	 0.028912 	 0.012391 
1.100000 	 -1.994212 	 0.000108 	 0.000089 	 0.998513 	 0.000007 	 0.000007 
2.333333 	 -1.420815 	 0.021656 	 0.003978 	 0.693557 	 0.023670 	 0.010144 
1.100000 	 -1.994928 	 0.000096 	 0.000079 	 0.998714 	 0.000006 	 0.000006 
2.354167 	 -1.277337 	 0.010799 	 0.001949 	 0.445323 	 0.033880 	 0.014392 
1.100000 	 -1.993071 	 0.000144 	 0.000119 	 0.998210 	 0.000010 	 0.000009 
2.354167 	 -1.375498 	 0.015951 	 0.002878 	 0.662959 	 0.016375 	 0.006956 
1.100000 	 -1.993465 	 0.000134 	 0.000111 	 0.998283 	 0.000010 	 0.000009 
2.354167 	 -1.292664 	 0.033194 	 0.005989 	 0.552953 	 0.058422 	 0.024816 
1.100000 	 -1.993901 	 0.000104 	 0.000086 	 0.998401 	 0.000008 	 0.000007 
2.354167 	 -1.249889 	 0.016027 	 0.002892 	 0.382530 	 0.037338 	 0.015861 
1.100000 	 -1.991712 	 0.000155 	 0.000129 	 0.997859 	 0.000011 	 0.000010 
2.354167 	 -1.409567 	 0.018711 	 0.003376 	 0.710861 	 0.015196 	 0.006455 
1.100000 	 -1.992434 	 0.000151 	 0.000125 	 0.998054 	 0.000010 	 0.000009 
2.354167 	 -1.356874 	 0.019563 	 0.003530 	 0.630857 	 0.023421 	 0.009949 
1.100000 	 -1.994137 	 0.000138 	 0.000114 	 0.998503 	 0.000009 	 0.000008 
2.354167 	 -1.297363 	 0.028199 	 0.005088 	 0.546303 	 0.052155 	 0.022154 
1.100000 	 -1.994006 	 0.000119 	 0.000098 	 0.998463 	 0.000008 	 0.000007 
2.354167 	 -1.332364 	 0.023170 	 0.004181 	 0.584007 	 0.061587 	 0.026161 
1.100000 	 -1.993582 	 0.000131 	 0.000109 	 0.998350 	 0.000009 	 0.000008 
1.325000 	 -1.975701 	 0.000498 	 0.000284 	 0.993639 	 0.000037 	 0.000028 
2.354167 	 -1.309533 	 0.024609 	 0.004440 	 0.533930 	 0.074331 	 0.031574 
1.325000 	 -1.981700 	 0.000398 	 0.000227 	 0.995094 	 0.000032 	 0.000024 
2.354167 	 -1.383466 	 0.013890 	 0.002506 	 0.705071 	 0.009824 	 0.004173 
1.325000 	 -1.972916 	 0.000862 	 0.000491 	 0.991886 	 0.000147 	 0.000111 
2.375000 	 -1.256040 	 0.014280 	 0.002532 	 0.530918 	 0.029102 	 0.012253 
1.325000 	 -1.980844 	 0.000435 	 0.000248 	 0.994979 	 0.000032 	 0.000024 
2.375000 	 -1.265089 	 0.021728 	 0.003852 	 0.484129 	 0.056364 	 0.023732 
1.325000 	 -1.978205 	 0.000462 	 0.000263 	 0.994330 	 0.000033 	 0.000025 
2.375000 	 -1.355718 	 0.022433 	 0.003977 	 0.675242 	 0.016684 	 0.007025 
1.325000 	 -1.979637 	 0.000547 	 0.000312 	 0.994575 	 0.000041 	 0.000031 
2.375000 	 -1.352077 	 0.013942 	 0.002472 	 0.600213 	 0.042497 	 0.017894 
1.325000 	 -1.976474 	 0.000465 	 0.000265 	 0.993662 	 0.000038 	 0.000028 
2.375000 	 -1.229408 	 0.016214 	 0.002875 	 0.282808 	 0.057733 	 0.024309 
1.325000 	 -1.980179 	 0.000396 	 0.000226 	 0.994796 	 0.000029 	 0.000022 
2.375000 	 -1.242455 	 0.013660 	 0.002422 	 0.448440 	 0.032877 	 0.013843 
1.325000 	 -1.981127 	 0.000424 	 0.000241 	 0.995049 	 0.000032 	 0.000024 
2.375000 	 -1.351248 	 0.012693 	 0.002250 	 0.641720 	 0.014499 	 0.006105 
1.325000 	 -1.974119 	 0.000549 	 0.000313 	 0.993191 	 0.000041 	 0.000031 
2.375000 	 -1.280087 	 0.020747 	 0.003678 	 0.477917 	 0.066644 	 0.028061 
1.550000 	 -1.941811 	 0.001214 	 0.000505 	 0.983945 	 0.000106 	 0.000068 
2.375000 	 -1.209381 	 0.017953 	 0.003183 	 0.269488 	 0.060291 	 0.025386 
1.550000 	 -1.945561 	 0.001159 	 0.000483 	 0.985380 	 0.000093 	 0.000060 
2.375000 	 -1.256152 	 0.010592 	 0.001878 	 0.466153 	 0.018988 	 0.007995 
1.550000 	 -1.938470 	 0.001164 	 0.000484 	 0.982967 	 0.000103 	 0.000067 
2.395833 	 -1.328925 	 0.013563 	 0.002363 	 0.647671 	 0.012112 	 0.005055 
1.550000 	 -1.943783 	 0.001341 	 0.000558 	 0.984624 	 0.000117 	 0.000075 
2.395833 	 -1.219962 	 0.018308 	 0.003189 	 0.428083 	 0.053502 	 0.022331 
1.550000 	 -1.934550 	 0.001311 	 0.000546 	 0.981844 	 0.000115 	 0.000074 
2.395833 	 -1.182755 	 0.017514 	 0.003051 	 0.321495 	 0.051788 	 0.021616 
1.550000 	 -1.945451 	 0.001117 	 0.000465 	 0.984863 	 0.000098 	 0.000063 
2.395833 	 -1.197136 	 0.012470 	 0.002173 	 0.306220 	 0.044102 	 0.018408 
1.550000 	 -1.939807 	 0.001409 	 0.000586 	 0.983218 	 0.000139 	 0.000089 
2.395833 	 -1.262495 	 0.021725 	 0.003785 	 0.545743 	 0.029558 	 0.012337 
1.550000 	 -1.948636 	 0.001185 	 0.000493 	 0.985903 	 0.000103 	 0.000067 
2.395833 	 -1.332398 	 0.019348 	 0.003371 	 0.659502 	 0.020388 	 0.008510 
1.550000 	 -1.944636 	 0.001304 	 0.000543 	 0.984881 	 0.000115 	 0.000074 
2.395833 	 -1.192095 	 0.014297 	 0.002491 	 0.345878 	 0.042654 	 0.017804 
1.550000 	 -1.941230 	 0.001382 	 0.000575 	 0.983706 	 0.000127 	 0.000082 
2.395833 	 -1.252511 	 0.016920 	 0.002948 	 0.488060 	 0.024857 	 0.010375 
1.775000 	 -1.874079 	 0.002832 	 0.000899 	 0.962121 	 0.000358 	 0.000202 
2.395833 	 -1.203118 	 0.017226 	 0.003001 	 0.333594 	 0.047244 	 0.019719 
1.775000 	 -1.867186 	 0.003740 	 0.001187 	 0.959394 	 0.000498 	 0.000280 
1.775000 	 -1.873575 	 0.003116 	 0.000989 	 0.962440 	 0.000360 	 0.000203 
2.395833 	 -1.276841 	 0.018713 	 0.003260 	 0.512813 	 0.039520 	 0.016495 
1.775000 	 -1.876697 	 0.002791 	 0.000886 	 0.962557 	 0.000333 	 0.000188 
2.416667 	 -1.163242 	 0.011757 	 0.002013 	 0.250897 	 0.033044 	 0.013674 
1.775000 	 -1.876665 	 0.003062 	 0.000972 	 0.962410 	 0.000436 	 0.000245 
2.416667 	 -1.204719 	 0.013345 	 0.002285 	 0.435132 	 0.031768 	 0.013145 
1.775000 	 -1.876022 	 0.002635 	 0.000836 	 0.962802 	 0.000368 	 0.000208 
2.416667 	 -1.179811 	 0.016009 	 0.002741 	 0.301815 	 0.068057 	 0.028162 
1.775000 	 -1.879653 	 0.002614 	 0.000830 	 0.964408 	 0.000352 	 0.000198 
2.416667 	 -1.158445 	 0.015045 	 0.002576 	 0.334924 	 0.028981 	 0.011992 
1.775000 	 -1.859556 	 0.003981 	 0.001264 	 0.957099 	 0.000478 	 0.000269 
2.416667 	 -1.297901 	 0.019271 	 0.003300 	 0.602800 	 0.023816 	 0.009855 
1.775000 	 -1.875529 	 0.003267 	 0.001037 	 0.963323 	 0.000379 	 0.000214 
2.416667 	 -1.233745 	 0.015956 	 0.002732 	 0.451256 	 0.052945 	 0.021908 
1.775000 	 -1.856486 	 0.003169 	 0.001006 	 0.952945 	 0.000750 	 0.000423 
2.416667 	 -1.247292 	 0.013656 	 0.002338 	 0.495043 	 0.027019 	 0.011180 
2.000000 	 -1.744209 	 0.006592 	 0.001648 	 0.911536 	 0.001428 	 0.000714 
2.416667 	 -1.234088 	 0.023413 	 0.004009 	 0.481274 	 0.039225 	 0.016231 
2.000000 	 -1.756470 	 0.004906 	 0.001226 	 0.919998 	 0.000753 	 0.000376 
2.416667 	 -1.216937 	 0.026385 	 0.004518 	 0.466036 	 0.040731 	 0.016854 
2.000000 	 -1.729203 	 0.007385 	 0.001846 	 0.904210 	 0.001548 	 0.000774 
2.416667 	 -1.265946 	 0.013126 	 0.002247 	 0.548653 	 0.025652 	 0.010614 
2.000000 	 -1.768761 	 0.007395 	 0.001849 	 0.921963 	 0.001850 	 0.000925 
2.437500 	 -1.119345 	 0.011663 	 0.001963 	 0.254989 	 0.025394 	 0.010418 
2.000000 	 -1.762941 	 0.006524 	 0.001631 	 0.923521 	 0.001048 	 0.000524 
2.437500 	 -1.167069 	 0.008929 	 0.001503 	 0.298995 	 0.035505 	 0.014566 
2.000000 	 -1.739467 	 0.006738 	 0.001685 	 0.910783 	 0.001225 	 0.000612 
2.437500 	 -1.252010 	 0.012308 	 0.002072 	 0.581544 	 0.010964 	 0.004498 
2.000000 	 -1.745572 	 0.007873 	 0.001968 	 0.916080 	 0.001242 	 0.000621 
2.437500 	 -1.187731 	 0.014891 	 0.002506 	 0.414470 	 0.055922 	 0.022942 
2.000000 	 -1.767560 	 0.004922 	 0.001231 	 0.925359 	 0.000799 	 0.000400 
2.437500 	 -1.201888 	 0.021022 	 0.003538 	 0.341921 	 0.059860 	 0.024558 
2.000000 	 -1.745051 	 0.007351 	 0.001838 	 0.913867 	 0.001357 	 0.000679 
2.437500 	 -1.176932 	 0.011675 	 0.001965 	 0.324759 	 0.050445 	 0.020696 
2.000000 	 -1.748539 	 0.009318 	 0.002330 	 0.908085 	 0.003028 	 0.001514 
2.437500 	 -1.174100 	 0.013556 	 0.002282 	 0.340332 	 0.042252 	 0.017334 
2.000000 	 -1.746400 	 0.007955 	 0.001989 	 0.910311 	 0.001889 	 0.000944 
2.437500 	 -1.109442 	 0.010047 	 0.001691 	 0.205977 	 0.015754 	 0.006463 
2.000000 	 -1.750514 	 0.006406 	 0.001602 	 0.915629 	 0.001293 	 0.000646 
2.437500 	 -1.230585 	 0.018710 	 0.003149 	 0.447248 	 0.055168 	 0.022633 
2.000000 	 -1.744320 	 0.009184 	 0.002296 	 0.912585 	 0.001950 	 0.000975 
2.437500 	 -1.149145 	 0.012211 	 0.002055 	 0.270200 	 0.030217 	 0.012397 
2.000000 	 -1.722691 	 0.007579 	 0.001895 	 0.892475 	 0.003045 	 0.001523 
2.458333 	 -1.257311 	 0.030809 	 0.005098 	 0.517141 	 0.074468 	 0.030292 
2.000000 	 -1.759341 	 0.005036 	 0.001259 	 0.919309 	 0.000889 	 0.000445 
2.458333 	 -1.246301 	 0.026319 	 0.004355 	 0.526287 	 0.045462 	 0.018493 
2.000000 	 -1.751964 	 0.006550 	 0.001638 	 0.917052 	 0.001130 	 0.000565 
2.458333 	 -1.181957 	 0.016475 	 0.002726 	 0.393220 	 0.056626 	 0.023034 
2.000000 	 -1.770659 	 0.004990 	 0.001248 	 0.926707 	 0.000756 	 0.000378 
2.458333 	 -1.226976 	 0.019207 	 0.003178 	 0.496278 	 0.044956 	 0.018287 
2.000000 	 -1.745776 	 0.007122 	 0.001780 	 0.910893 	 0.001449 	 0.000725 
2.000000 	 -1.740898 	 0.005674 	 0.001418 	 0.911987 	 0.001041 	 0.000521 
2.458333 	 -1.252475 	 0.016964 	 0.002807 	 0.513915 	 0.029136 	 0.011852 
2.000000 	 -1.748844 	 0.007556 	 0.001889 	 0.914848 	 0.001497 	 0.000749 
2.458333 	 -1.212196 	 0.021345 	 0.003532 	 0.503291 	 0.037516 	 0.015261 
2.020833 	 -1.739063 	 0.007285 	 0.001784 	 0.911221 	 0.001401 	 0.000693 
2.458333 	 -1.183308 	 0.013615 	 0.002253 	 0.435858 	 0.039942 	 0.016248 
2.020833 	 -1.717421 	 0.008744 	 0.002141 	 0.890862 	 0.003113 	 0.001540 
2.458333 	 -1.082575 	 0.009513 	 0.001574 	 0.188434 	 0.017276 	 0.007028 
2.020833 	 -1.740481 	 0.007948 	 0.001946 	 0.914136 	 0.001418 	 0.000702 
2.458333 	 -1.154150 	 0.011368 	 0.001881 	 0.312954 	 0.034728 	 0.014127 
2.020833 	 -1.746308 	 0.006542 	 0.001602 	 0.917932 	 0.001127 	 0.000558 
2.458333 	 -1.201918 	 0.021132 	 0.003497 	 0.425343 	 0.038987 	 0.015859 
2.020833 	 -1.709971 	 0.008491 	 0.002079 	 0.893732 	 0.001939 	 0.000959 
2.479167 	 -1.096116 	 0.012565 	 0.002044 	 0.233341 	 0.023618 	 0.009527 
2.020833 	 -1.732387 	 0.007895 	 0.001933 	 0.906162 	 0.001816 	 0.000899 
2.479167 	 -1.152246 	 0.022572 	 0.003673 	 0.460480 	 0.034740 	 0.014013 
2.020833 	 -1.738742 	 0.009461 	 0.002317 	 0.912586 	 0.001615 	 0.000799 
2.479167 	 -1.196767 	 0.018816 	 0.003061 	 0.503026 	 0.032027 	 0.012919 
2.020833 	 -1.738811 	 0.004718 	 0.001155 	 0.910603 	 0.000891 	 0.000441 
2.479167 	 -1.095503 	 0.011037 	 0.001796 	 0.195124 	 0.014355 	 0.005790 
2.020833 	 -1.734448 	 0.009187 	 0.002250 	 0.909639 	 0.001723 	 0.000853 
2.479167 	 -1.211202 	 0.025174 	 0.004096 	 0.488119 	 0.050575 	 0.020400 
2.020833 	 -1.719909 	 0.007805 	 0.001911 	 0.900494 	 0.001874 	 0.000928 
2.479167 	 -1.217703 	 0.020493 	 0.003334 	 0.486205 	 0.045494 	 0.018351 
2.041667 	 -1.693976 	 0.007440 	 0.001785 	 0.885571 	 0.002637 	 0.001291 
2.479167 	 -1.070514 	 0.014501 	 0.002359 	 0.246270 	 0.033251 	 0.013412 
2.041667 	 -1.732766 	 0.007235 	 0.001736 	 0.910984 	 0.001256 	 0.000615 
2.479167 	 -1.122338 	 0.016496 	 0.002684 	 0.307134 	 0.045258 	 0.018255 
2.041667 	 -1.717334 	 0.009717 	 0.002331 	 0.900112 	 0.002210 	 0.001082 
2.479167 	 -1.103881 	 0.011169 	 0.001817 	 0.262763 	 0.016734 	 0.006750 
2.041667 	 -1.721979 	 0.009965 	 0.002391 	 0.902626 	 0.002094 	 0.001026 
2.479167 	 -1.159751 	 0.021218 	 0.003452 	 0.377443 	 0.049053 	 0.019786 
2.041667 	 -1.706783 	 0.006831 	 0.001639 	 0.894913 	 0.001801 	 0.000882 
2.500000 	 -1.175209 	 0.022303 	 0.003568 	 0.427981 	 0.046712 	 0.018685 
2.041667 	 -1.715528 	 0.009243 	 0.002217 	 0.901491 	 0.001867 	 0.000914 
2.500000 	 -1.160779 	 0.013632 	 0.002181 	 0.414772 	 0.036726 	 0.014690 
2.041667 	 -1.697356 	 0.008555 	 0.002052 	 0.891853 	 0.002130 	 0.001043 
2.500000 	 -1.075084 	 0.011334 	 0.001813 	 0.188099 	 0.026513 	 0.010605 
2.041667 	 -1.724018 	 0.008690 	 0.002085 	 0.901995 	 0.002605 	 0.001276 
2.500000 	 -1.169681 	 0.024622 	 0.003940 	 0.456654 	 0.041679 	 0.016672 
2.041667 	 -1.696682 	 0.009946 	 0.002386 	 0.886772 	 0.002755 	 0.001349 
2.500000 	 -1.115598 	 0.013688 	 0.002190 	 0.361937 	 0.024211 	 0.009684 
2.041667 	 -1.732241 	 0.005169 	 0.001240 	 0.909899 	 0.000869 	 0.000426 
2.500000 	 -1.059913 	 0.009460 	 0.001514 	 0.163796 	 0.011701 	 0.004680 
2.062500 	 -1.728209 	 0.007486 	 0.001760 	 0.907985 	 0.001561 	 0.000757 
2.500000 	 -1.094097 	 0.014689 	 0.002350 	 0.290245 	 0.034583 	 0.013833 
2.062500 	 -1.680065 	 0.008577 	 0.002016 	 0.880340 	 0.002665 	 0.001292 
2.500000 	 -1.122798 	 0.010357 	 0.001657 	 0.351643 	 0.026426 	 0.010571 
2.062500 	 -1.669551 	 0.012738 	 0.002995 	 0.865402 	 0.006053 	 0.002935 
2.500000 	 -1.141219 	 0.013076 	 0.002092 	 0.411436 	 0.034832 	 0.013933 
2.062500 	 -1.675860 	 0.009274 	 0.002180 	 0.871959 	 0.003538 	 0.001715 
2.062500 	 -1.681286 	 0.009520 	 0.002238 	 0.880693 	 0.003034 	 0.001471 
2.500000 	 -1.087614 	 0.007496 	 0.001199 	 0.197734 	 0.026327 	 0.010531 
2.062500 	 -1.699065 	 0.008333 	 0.001959 	 0.891949 	 0.002146 	 0.001041 
2.500000 	 -1.111080 	 0.009997 	 0.001600 	 0.275443 	 0.027334 	 0.010934 
2.062500 	 -1.697168 	 0.008643 	 0.002032 	 0.887075 	 0.002407 	 0.001167 
2.500000 	 -1.115140 	 0.015500 	 0.002480 	 0.279940 	 0.040578 	 0.016231 
2.062500 	 -1.703271 	 0.008420 	 0.001979 	 0.894059 	 0.001798 	 0.000872 
2.500000 	 -1.096280 	 0.013101 	 0.002096 	 0.265262 	 0.029066 	 0.011627 
2.062500 	 -1.719505 	 0.005728 	 0.001346 	 0.900078 	 0.001848 	 0.000896 
2.500000 	 -1.102234 	 0.010288 	 0.001646 	 0.263604 	 0.022195 	 0.008878 
2.062500 	 -1.719552 	 0.007256 	 0.001706 	 0.900878 	 0.001813 	 0.000879 
2.500000 	 -1.097512 	 0.009656 	 0.001545 	 0.223352 	 0.007860 	 0.003144 
2.083333 	 -1.678769 	 0.010497 	 0.002418 	 0.876416 	 0.004218 	 0.002024 
2.500000 	 -1.092856 	 0.011049 	 0.001768 	 0.244384 	 0.035043 	 0.014017 
2.083333 	 -1.685373 	 0.007829 	 0.001804 	 0.888655 	 0.001592 	 0.000764 
2.500000 	 -1.139315 	 0.021656 	 0.003465 	 0.327639 	 0.052075 	 0.020830 
2.083333 	 -1.683425 	 0.010431 	 0.002403 	 0.876190 	 0.003941 	 0.001892 
2.500000 	 -1.084990 	 0.011541 	 0.001847 	 0.267107 	 0.025874 	 0.010350 
2.083333 	 -1.672972 	 0.011017 	 0.002538 	 0.875293 	 0.003718 	 0.001785 
2.500000 	 -1.071565 	 0.010181 	 0.001629 	 0.269666 	 0.033007 	 0.013203 
2.083333 	 -1.654999 	 0.011275 	 0.002598 	 0.866035 	 0.003555 	 0.001707 
2.500000 	 -1.141907 	 0.018379 	 0.002941 	 0.350042 	 0.061059 	 0.024424 
2.083333 	 -1.663530 	 0.011807 	 0.002720 	 0.870474 	 0.003106 	 0.001491 
2.722222 	 -0.946889 	 0.007472 	 0.001008 	 0.217592 	 0.012554 	 0.004612 
2.083333 	 -1.685396 	 0.011742 	 0.002705 	 0.890239 	 0.002670 	 0.001282 
2.722222 	 -0.957099 	 0.013563 	 0.001830 	 0.225246 	 0.027614 	 0.010144 
2.083333 	 -1.693910 	 0.008008 	 0.001845 	 0.886733 	 0.002383 	 0.001144 
2.722222 	 -0.920681 	 0.007514 	 0.001014 	 0.149496 	 0.011873 	 0.004362 
2.083333 	 -1.681496 	 0.009348 	 0.002154 	 0.887299 	 0.002002 	 0.000961 
2.722222 	 -0.962963 	 0.009705 	 0.001310 	 0.228388 	 0.020456 	 0.007515 
2.083333 	 -1.672356 	 0.009568 	 0.002204 	 0.876867 	 0.004126 	 0.001980 
2.722222 	 -0.942865 	 0.008065 	 0.001088 	 0.144660 	 0.009467 	 0.003478 
2.104167 	 -1.678136 	 0.009110 	 0.002057 	 0.883237 	 0.003262 	 0.001550 
2.722222 	 -0.926850 	 0.011270 	 0.001521 	 0.178973 	 0.018444 	 0.006775 
2.104167 	 -1.670019 	 0.009880 	 0.002231 	 0.871049 	 0.003750 	 0.001782 
2.722222 	 -0.949530 	 0.009192 	 0.001240 	 0.188348 	 0.017446 	 0.006409 
2.104167 	 -1.606356 	 0.010549 	 0.002383 	 0.818622 	 0.011418 	 0.005426 
2.722222 	 -0.941527 	 0.010063 	 0.001358 	 0.113635 	 0.007627 	 0.002802 
2.104167 	 -1.667408 	 0.009455 	 0.002135 	 0.879181 	 0.002333 	 0.001109 
2.722222 	 -0.948256 	 0.008937 	 0.001206 	 0.194078 	 0.014868 	 0.005462 
2.104167 	 -1.634632 	 0.012446 	 0.002811 	 0.859689 	 0.003285 	 0.001561 
2.722222 	 -0.922383 	 0.009028 	 0.001218 	 0.139991 	 0.009578 	 0.003518 
2.104167 	 -1.685740 	 0.007204 	 0.001627 	 0.893292 	 0.001269 	 0.000603 
2.104167 	 -1.699064 	 0.007383 	 0.001668 	 0.897745 	 0.001481 	 0.000704 
2.944444 	 -0.853699 	 0.011271 	 0.001300 	 0.141065 	 0.012465 	 0.004233 
2.104167 	 -1.667858 	 0.009274 	 0.002095 	 0.860506 	 0.004965 	 0.002360 
2.944444 	 -0.836436 	 0.008210 	 0.000947 	 0.162601 	 0.012816 	 0.004352 
2.104167 	 -1.671834 	 0.010644 	 0.002404 	 0.883020 	 0.002249 	 0.001069 
2.944444 	 -0.840085 	 0.006950 	 0.000802 	 0.145279 	 0.009687 	 0.003290 
2.104167 	 -1.622820 	 0.020557 	 0.004643 	 0.836260 	 0.012729 	 0.006049 
2.944444 	 -0.846911 	 0.010455 	 0.001206 	 0.181844 	 0.019957 	 0.006778 
2.125000 	 -1.609882 	 0.010256 	 0.002271 	 0.819192 	 0.007927 	 0.003730 
2.944444 	 -0.817600 	 0.009801 	 0.001130 	 0.181626 	 0.013454 	 0.004569 
2.125000 	 -1.659384 	 0.009798 	 0.002170 	 0.875858 	 0.002746 	 0.001292 
2.944444 	 -0.831291 	 0.009898 	 0.001142 	 0.163200 	 0.011747 	 0.003990 
2.125000 	 -1.576583 	 0.016097 	 0.003565 	 0.782751 	 0.013730 	 0.006461 
2.944444 	 -0.856727 	 0.008534 	 0.000984 	 0.137597 	 0.011460 	 0.003892 
2.125000 	 -1.652285 	 0.009345 	 0.002069 	 0.878352 	 0.001891 	 0.000890 
2.944444 	 -0.829536 	 0.008749 	 0.001009 	 0.120092 	 0.008191 	 0.002782 
2.125000 	 -1.644686 	 0.010078 	 0.002232 	 0.862711 	 0.003014 	 0.001418 
2.944444 	 -0.840608 	 0.009595 	 0.001107 	 0.097479 	 0.004766 	 0.001619 
2.125000 	 -1.654977 	 0.009170 	 0.002031 	 0.873108 	 0.002272 	 0.001069 
2.944444 	 -0.837139 	 0.009827 	 0.001134 	 0.120223 	 0.006809 	 0.002312 
2.125000 	 -1.639283 	 0.014323 	 0.003172 	 0.858844 	 0.005608 	 0.002639 
3.166667 	 -0.763648 	 0.007765 	 0.000774 	 0.104568 	 0.005897 	 0.001862 
2.125000 	 -1.650117 	 0.010048 	 0.002225 	 0.872297 	 0.002768 	 0.001302 
3.166667 	 -0.751322 	 0.006824 	 0.000680 	 0.104135 	 0.006270 	 0.001980 
2.125000 	 -1.622246 	 0.012533 	 0.002775 	 0.849814 	 0.004299 	 0.002023 
3.166667 	 -0.747164 	 0.007881 	 0.000786 	 0.100854 	 0.005627 	 0.001777 
2.125000 	 -1.628676 	 0.010330 	 0.002288 	 0.853170 	 0.003929 	 0.001849 
3.166667 	 -0.764811 	 0.008529 	 0.000851 	 0.131114 	 0.008114 	 0.002562 
2.145833 	 -1.647469 	 0.009669 	 0.002100 	 0.870480 	 0.002800 	 0.001305 
2.145833 	 -1.582586 	 0.012306 	 0.002673 	 0.812601 	 0.006919 	 0.003225 
3.166667 	 -0.756851 	 0.007260 	 0.000724 	 0.109585 	 0.008078 	 0.002551 
2.145833 	 -1.709040 	 0.007947 	 0.001726 	 0.902057 	 0.001601 	 0.000746 
3.166667 	 -0.755380 	 0.007972 	 0.000795 	 0.143607 	 0.011202 	 0.003538 
2.145833 	 -1.640239 	 0.009919 	 0.002154 	 0.860063 	 0.003497 	 0.001630 
3.166667 	 -0.765096 	 0.008948 	 0.000892 	 0.154995 	 0.011712 	 0.003698 
2.145833 	 -1.591277 	 0.014127 	 0.003068 	 0.803728 	 0.010846 	 0.005054 
3.166667 	 -0.735219 	 0.008015 	 0.000799 	 0.095441 	 0.004273 	 0.001349 
2.145833 	 -1.636963 	 0.009673 	 0.002101 	 0.864703 	 0.002421 	 0.001128 
3.166667 	 -0.756987 	 0.007518 	 0.000750 	 0.114784 	 0.008671 	 0.002738 
2.145833 	 -1.606971 	 0.011917 	 0.002588 	 0.847870 	 0.003994 	 0.001861 
3.166667 	 -0.753737 	 0.008258 	 0.000824 	 0.138708 	 0.010064 	 0.003178 
2.145833 	 -1.646336 	 0.010035 	 0.002179 	 0.875124 	 0.002225 	 0.001037 
3.388889 	 -0.697376 	 0.009274 	 0.000807 	 0.106143 	 0.005248 	 0.001549 
2.145833 	 -1.580791 	 0.011986 	 0.002603 	 0.832800 	 0.003703 	 0.001726 
3.388889 	 -0.683502 	 0.008213 	 0.000715 	 0.102657 	 0.004928 	 0.001454 
2.145833 	 -1.636104 	 0.009347 	 0.002030 	 0.860756 	 0.002893 	 0.001348 
3.388889 	 -0.691175 	 0.007865 	 0.000685 	 0.099649 	 0.005962 	 0.001759 
2.166667 	 -1.600590 	 0.009800 	 0.002088 	 0.844147 	 0.002815 	 0.001299 
3.388889 	 -0.691852 	 0.008126 	 0.000708 	 0.102240 	 0.005236 	 0.001545 
2.166667 	 -1.632121 	 0.008647 	 0.001842 	 0.865071 	 0.001954 	 0.000902 
3.388889 	 -0.696581 	 0.006578 	 0.000573 	 0.102342 	 0.006876 	 0.002029 
2.166667 	 -1.588210 	 0.013536 	 0.002883 	 0.821628 	 0.007056 	 0.003256 
3.388889 	 -0.693337 	 0.006879 	 0.000599 	 0.112053 	 0.006205 	 0.001831 
2.166667 	 -1.577382 	 0.012942 	 0.002757 	 0.812101 	 0.006934 	 0.003200 
3.388889 	 -0.698682 	 0.007590 	 0.000661 	 0.109355 	 0.007533 	 0.002223 
2.166667 	 -1.604875 	 0.011934 	 0.002542 	 0.846386 	 0.004174 	 0.001926 
2.166667 	 -1.584002 	 0.011327 	 0.002413 	 0.838568 	 0.003736 	 0.001724 
3.388889 	 -0.685382 	 0.006329 	 0.000551 	 0.103233 	 0.005080 	 0.001499 
2.166667 	 -1.623930 	 0.010564 	 0.002250 	 0.859092 	 0.002988 	 0.001379 
3.388889 	 -0.694780 	 0.008412 	 0.000733 	 0.129694 	 0.010460 	 0.003087 
2.166667 	 -1.560533 	 0.024967 	 0.005318 	 0.747177 	 0.045040 	 0.020788 
3.388889 	 -0.678124 	 0.007150 	 0.000623 	 0.095239 	 0.004176 	 0.001232 
2.166667 	 -1.592227 	 0.011824 	 0.002519 	 0.835005 	 0.003995 	 0.001844 
3.611111 	 -0.642246 	 0.006503 	 0.000499 	 0.081190 	 0.003832 	 0.001061 
2.166667 	 -1.561347 	 0.012749 	 0.002716 	 0.816850 	 0.005256 	 0.002426 
3.611111 	 -0.647742 	 0.006834 	 0.000524 	 0.106984 	 0.006741 	 0.001867 
2.187500 	 -1.558892 	 0.011577 	 0.002419 	 0.805901 	 0.007312 	 0.003343 
3.611111 	 -0.619860 	 0.005983 	 0.000459 	 0.112856 	 0.006353 	 0.001759 
2.187500 	 -1.595578 	 0.011543 	 0.002412 	 0.848722 	 0.002703 	 0.001236 
3.611111 	 -0.625944 	 0.006707 	 0.000514 	 0.085664 	 0.004747 	 0.001315 
2.187500 	 -1.531209 	 0.018121 	 0.003787 	 0.753258 	 0.017597 	 0.008044 
3.611111 	 -0.631623 	 0.007546 	 0.000579 	 0.093389 	 0.004462 	 0.001236 
2.187500 	 -1.568847 	 0.015327 	 0.003203 	 0.822709 	 0.005691 	 0.002602 
3.611111 	 -0.629505 	 0.007601 	 0.000583 	 0.098725 	 0.005347 	 0.001481 
2.187500 	 -1.572437 	 0.011638 	 0.002432 	 0.813309 	 0.006256 	 0.002860 
3.611111 	 -0.620849 	 0.006248 	 0.000479 	 0.091193 	 0.004163 	 0.001153 
2.187500 	 -1.601757 	 0.010413 	 0.002176 	 0.844689 	 0.003412 	 0.001560 
3.611111 	 -0.638908 	 0.007662 	 0.000588 	 0.074038 	 0.003266 	 0.000904 
2.187500 	 -1.492674 	 0.012465 	 0.002605 	 0.738970 	 0.012476 	 0.005703 
3.611111 	 -0.640606 	 0.005989 	 0.000459 	 0.086499 	 0.004189 	 0.001160 
2.187500 	 -1.585722 	 0.008860 	 0.001852 	 0.837836 	 0.003026 	 0.001383 
2.187500 	 -1.631169 	 0.009695 	 0.002026 	 0.861464 	 0.002640 	 0.001207 
3.611111 	 -0.630670 	 0.006436 	 0.000494 	 0.084319 	 0.003783 	 0.001048 
2.187500 	 -1.611911 	 0.008519 	 0.001780 	 0.851573 	 0.002810 	 0.001285 
3.833333 	 -0.589101 	 0.007810 	 0.000531 	 0.094614 	 0.004323 	 0.001128 
2.208333 	 -1.508282 	 0.021370 	 0.004382 	 0.730869 	 0.029812 	 0.013500 
3.833333 	 -0.586808 	 0.007758 	 0.000528 	 0.078608 	 0.003202 	 0.000835 
2.208333 	 -1.519564 	 0.016221 	 0.003326 	 0.750680 	 0.018227 	 0.008254 
3.833333 	 -0.594149 	 0.006893 	 0.000469 	 0.082694 	 0.003669 	 0.000957 
2.208333 	 -1.562705 	 0.012668 	 0.002598 	 0.818539 	 0.005109 	 0.002313 
3.833333 	 -0.593024 	 0.007339 	 0.000499 	 0.084730 	 0.003756 	 0.000980 
2.208333 	 -1.538084 	 0.011057 	 0.002267 	 0.806183 	 0.004997 	 0.002263 
3.833333 	 -0.585285 	 0.007196 	 0.000490 	 0.081396 	 0.003757 	 0.000980 
2.208333 	 -1.516282 	 0.021948 	 0.004500 	 0.756962 	 0.018887 	 0.008552 
3.833333 	 -0.588798 	 0.006579 	 0.000448 	 0.090833 	 0.004385 	 0.001144 
2.208333 	 -1.536763 	 0.011039 	 0.002264 	 0.785241 	 0.009347 	 0.004233 
3.833333 	 -0.597497 	 0.006009 	 0.000409 	 0.087298 	 0.003881 	 0.001013 
2.208333 	 -1.453921 	 0.023951 	 0.004911 	 0.623683 	 0.049678 	 0.022496 
3.833333 	 -0.591159 	 0.007003 	 0.000477 	 0.088082 	 0.003830 	 0.000999 
2.208333 	 -1.564844 	 0.010343 	 0.002121 	 0.829656 	 0.003251 	 0.001472 
3.833333 	 -0.589745 	 0.007468 	 0.000508 	 0.089801 	 0.003925 	 0.001024 
2.208333 	 -1.480827 	 0.013720 	 0.002813 	 0.709484 	 0.013419 	 0.006077 
3.833333 	 -0.585248 	 0.006836 	 0.000465 	 0.080687 	 0.003779 	 0.000986 
2.208333 	 -1.565703 	 0.009269 	 0.001901 	 0.816493 	 0.008232 	 0.003728 
4.055556 	 -0.541343 	 0.008179 	 0.000497 	 0.083339 	 0.003876 	 0.000956 
2.229167 	 -1.466478 	 0.014140 	 0.002846 	 0.737887 	 0.011308 	 0.005073 
2.229167 	 -1.576678 	 0.008168 	 0.001644 	 0.836519 	 0.002731 	 0.001225 
4.055556 	 -0.539781 	 0.005380 	 0.000327 	 0.076833 	 0.003332 	 0.000822 
2.229167 	 -1.396955 	 0.020921 	 0.004210 	 0.580655 	 0.058889 	 0.026418 
4.055556 	 -0.541876 	 0.007673 	 0.000467 	 0.089406 	 0.004834 	 0.001192 
2.229167 	 -1.474994 	 0.015694 	 0.003158 	 0.716465 	 0.016585 	 0.007440 
4.055556 	 -0.543956 	 0.006250 	 0.000380 	 0.077231 	 0.002881 	 0.000710 
2.229167 	 -1.537678 	 0.014174 	 0.002852 	 0.781633 	 0.011743 	 0.005268 
4.055556 	 -0.548014 	 0.006744 	 0.000410 	 0.084687 	 0.003741 	 0.000922 
2.229167 	 -1.485520 	 0.026514 	 0.005336 	 0.678757 	 0.049307 	 0.022119 
4.055556 	 -0.548525 	 0.006261 	 0.000381 	 0.084158 	 0.003516 	 0.000867 
2.229167 	 -1.372990 	 0.020085 	 0.004042 	 0.531191 	 0.061837 	 0.027740 
4.055556 	 -0.558351 	 0.006113 	 0.000372 	 0.099914 	 0.004651 	 0.001147 
2.229167 	 -1.401103 	 0.015782 	 0.003176 	 0.557429 	 0.054669 	 0.024525 
4.055556 	 -0.557277 	 0.006523 	 0.000397 	 0.083597 	 0.004356 	 0.001074 
2.229167 	 -1.534664 	 0.015977 	 0.003215 	 0.772911 	 0.013081 	 0.005868 
4.055556 	 -0.561591 	 0.007048 	 0.000429 	 0.077921 	 0.003180 	 0.000784 
2.229167 	 -1.540069 	 0.009652 	 0.001942 	 0.803305 	 0.005640 	 0.002530 
4.055556 	 -0.547443 	 0.006527 	 0.000397 	 0.087580 	 0.003532 	 0.000871 
2.250000 	 -1.493570 	 0.016233 	 0.003206 	 0.781083 	 0.007744 	 0.003442 
4.277778 	 -0.522460 	 0.007443 	 0.000407 	 0.079383 	 0.003353 	 0.000784 
2.250000 	 -1.450883 	 0.023265 	 0.004596 	 0.630589 	 0.084402 	 0.037512 
4.277778 	 -0.522611 	 0.006173 	 0.000337 	 0.074673 	 0.002816 	 0.000658 
2.250000 	 -1.503670 	 0.016650 	 0.003289 	 0.769861 	 0.014380 	 0.006391 
2.250000 	 -1.501165 	 0.013062 	 0.002580 	 0.773133 	 0.007071 	 0.003143 
4.277778 	 -0.505669 	 0.006830 	 0.000373 	 0.073534 	 0.003813 	 0.000891 
2.250000 	 -1.473348 	 0.016628 	 0.003285 	 0.708715 	 0.026705 	 0.011869 
4.277778 	 -0.509330 	 0.006778 	 0.000370 	 0.068974 	 0.002963 	 0.000693 
2.250000 	 -1.380582 	 0.017376 	 0.003432 	 0.553318 	 0.045027 	 0.020012 
4.277778 	 -0.516649 	 0.007254 	 0.000396 	 0.063384 	 0.002334 	 0.000546 
2.250000 	 -1.435013 	 0.041367 	 0.008171 	 0.606650 	 0.106930 	 0.047525 
4.277778 	 -0.522047 	 0.006797 	 0.000371 	 0.073853 	 0.002957 	 0.000691 
2.250000 	 -1.519973 	 0.015507 	 0.003063 	 0.791663 	 0.007821 	 0.003476 
4.277778 	 -0.518088 	 0.006775 	 0.000370 	 0.082021 	 0.003571 	 0.000835 
2.250000 	 -1.523521 	 0.013037 	 0.002575 	 0.804984 	 0.005089 	 0.002262 
4.277778 	 -0.522139 	 0.005553 	 0.000303 	 0.082590 	 0.004003 	 0.000936 
2.250000 	 -1.539266 	 0.009362 	 0.001849 	 0.816598 	 0.003204 	 0.001424 
4.277778 	 -0.519293 	 0.006330 	 0.000346 	 0.071145 	 0.003060 	 0.000715 
4.277778 	 -0.525266 	 0.006408 	 0.000350 	 0.077163 	 0.003922 	 0.000917 
4.500000 	 -0.466442 	 0.005265 	 0.000260 	 0.072779 	 0.002452 	 0.000545 
4.500000 	 -0.486154 	 0.006798 	 0.000336 	 0.068213 	 0.002815 	 0.000626 
4.500000 	 -0.480260 	 0.006357 	 0.000314 	 0.069656 	 0.002926 	 0.000650 
4.500000 	 -0.494633 	 0.006348 	 0.000313 	 0.074829 	 0.003278 	 0.000729 
4.500000 	 -0.483144 	 0.006273 	 0.000310 	 0.071374 	 0.003363 	 0.000747 
4.500000 	 -0.478061 	 0.006930 	 0.000342 	 0.080041 	 0.003204 	 0.000712 
4.500000 	 -0.480208 	 0.005666 	 0.000280 	 0.073811 	 0.003702 	 0.000823 
4.500000 	 -0.477021 	 0.005443 	 0.000269 	 0.076130 	 0.002868 	 0.000637 
4.500000 	 -0.485776 	 0.006150 	 0.000304 	 0.076288 	 0.003296 	 0.000733 
4.500000 	 -0.489002 	 0.006405 	 0.000316 	 0.068452 	 0.002496 	 0.000555 
0.650000 	 -2.000000 	 0.000000 	 0.000000 	 1.000000 	 0.000000 	 0.000000 
2.312500 	 -1.267012 	 0.019962 	 0.003733 	 0.412903 	 0.036443 	 0.015759 
0.650000 	 -2.000000 	 0.000000 	 0.000000 	 1.000000 	 0.000000 	 0.000000 
2.312500 	 -1.272013 	 0.013995 	 0.002617 	 0.456056 	 0.026655 	 0.011526 
0.650000 	 -2.000000 	 0.000000 	 0.000000 	 1.000000 	 0.000000 	 0.000000 
2.312500 	 -1.324528 	 0.017368 	 0.003248 	 0.478510 	 0.066317 	 0.028678 
0.650000 	 -2.000000 	 0.000000 	 0.000000 	 1.000000 	 0.000000 	 0.000000 
2.312500 	 -1.377692 	 0.016560 	 0.003097 	 0.654965 	 0.020533 	 0.008879 
0.650000 	 -1.999613 	 0.000008 	 0.000018 	 0.999903 	 0.000000 	 0.000001 
2.312500 	 -1.386729 	 0.013851 	 0.002590 	 0.590194 	 0.035712 	 0.015443 
0.650000 	 -2.000000 	 0.000000 	 0.000000 	 1.000000 	 0.000000 	 0.000000 
2.312500 	 -1.339497 	 0.015265 	 0.002855 	 0.593510 	 0.029533 	 0.012771 
0.650000 	 -1.783177 	 0.000118 	 0.000279 	 0.142782 	 0.016007 	 0.024626 
2.312500 	 -1.365413 	 0.015256 	 0.002853 	 0.619273 	 0.032527 	 0.014066 
0.650000 	 -2.000000 	 0.000000 	 0.000000 	 1.000000 	 0.000000 	 0.000000 
2.312500 	 -1.383403 	 0.012661 	 0.002367 	 0.639305 	 0.017856 	 0.007722 
0.650000 	 -1.999973 	 0.000001 	 0.000001 	 0.999993 	 0.000000 	 0.000000 
2.312500 	 -1.370757 	 0.016222 	 0.003034 	 0.630142 	 0.032744 	 0.014160 
0.650000 	 -1.786436 	 0.000074 	 0.000176 	 0.626836 	 0.005753 	 0.008851 
2.312500 	 -1.406080 	 0.012081 	 0.002259 	 0.656563 	 0.018756 	 0.008111 
0.650000 	 -2.000000 	 0.000000 	 0.000000 	 1.000000 	 0.000000 	 0.000000 
2.312500 	 -1.444911 	 0.013718 	 0.002565 	 0.742149 	 0.010413 	 0.004503 
0.650000 	 -1.999981 	 0.000000 	 0.000001 	 0.999995 	 0.000000 	 0.000000 
2.312500 	 -1.383495 	 0.017689 	 0.003308 	 0.690225 	 0.011821 	 0.005112 
0.650000 	 -1.999908 	 0.000002 	 0.000004 	 0.999977 	 0.000000 	 0.000000 
2.312500 	 -1.406688 	 0.016062 	 0.003004 	 0.692414 	 0.012992 	 0.005618 
0.650000 	 -2.000000 	 0.000000 	 0.000000 	 1.000000 	 0.000000 	 0.000000 
2.312500 	 -1.511591 	 0.015548 	 0.002907 	 0.793201 	 0.007206 	 0.003116 
0.650000 	 -1.999954 	 0.000001 	 0.000002 	 0.999988 	 0.000000 	 0.000000 
2.312500 	 -1.329873 	 0.017778 	 0.003324 	 0.564060 	 0.042668 	 0.018451 
0.650000 	 -1.999935 	 0.000001 	 0.000003 	 0.999984 	 0.000000 	 0.000000 
2.312500 	 -1.365104 	 0.014813 	 0.002770 	 0.610151 	 0.018584 	 0.008036 
0.650000 	 -1.790498 	 0.000077 	 0.000183 	 0.346007 	 0.004731 	 0.007279 
2.312500 	 -1.224028 	 0.006647 	 0.001243 	 0.260678 	 0.020151 	 0.008714 
0.650000 	 -2.000000 	 0.000000 	 0.000000 	 1.000000 	 0.000000 	 0.000000 
2.312500 	 -1.421303 	 0.013606 	 0.002544 	 0.716392 	 0.007798 	 0.003372 
0.650000 	 -2.000000 	 0.000000 	 0.000000 	 1.000000 	 0.000000 	 0.000000 
2.312500 	 -1.409841 	 0.012445 	 0.002327 	 0.689138 	 0.009253 	 0.004001 
0.650000 	 -1.791166 	 0.000056 	 0.000134 	 0.274853 	 0.000779 	 0.001198 
2.312500 	 -1.407584 	 0.017788 	 0.003326 	 0.671788 	 0.028032 	 0.012122 
0.650000 	 -1.999917 	 0.000002 	 0.000004 	 0.999979 	 0.000000 	 0.000000 
2.312500 	 -1.286786 	 0.024015 	 0.004491 	 0.517200 	 0.060831 	 0.026305 
0.650000 	 -2.000000 	 0.000000 	 0.000000 	 1.000000 	 0.000000 	 0.000000 
2.312500 	 -1.355394 	 0.018478 	 0.003455 	 0.638535 	 0.020143 	 0.008711 
0.650000 	 -2.000000 	 0.000000 	 0.000000 	 1.000000 	 0.000000 	 0.000000 
2.312500 	 -1.445426 	 0.012732 	 0.002381 	 0.748885 	 0.006005 	 0.002597 
0.650000 	 -1.787071 	 0.000091 	 0.000214 	 0.107505 	 0.002456 	 0.003779 
2.312500 	 -1.469230 	 0.010624 	 0.001987 	 0.756983 	 0.006161 	 0.002664 
0.650000 	 -2.000000 	 0.000000 	 0.000000 	 1.000000 	 0.000000 	 0.000000 
2.312500 	 -1.311763 	 0.027086 	 0.005065 	 0.510748 	 0.055251 	 0.023892 
0.650000 	 -2.000000 	 0.000000 	 0.000000 	 1.000000 	 0.000000 	 0.000000 
0.650000 	 -1.999992 	 0.000000 	 0.000000 	 0.999998 	 0.000000 	 0.000000 
2.312500 	 -1.467802 	 0.010163 	 0.001900 	 0.772138 	 0.004173 	 0.001805 
0.650000 	 -2.000000 	 0.000000 	 0.000000 	 1.000000 	 0.000000 	 0.000000 
2.312500 	 -1.322806 	 0.011047 	 0.002066 	 0.542679 	 0.036478 	 0.015774 
0.650000 	 -2.000000 	 0.000000 	 0.000000 	 1.000000 	 0.000000 	 0.000000 
2.312500 	 -1.287616 	 0.010075 	 0.001884 	 0.496644 	 0.015645 	 0.006765 
0.650000 	 -1.999919 	 0.000002 	 0.000004 	 0.999980 	 0.000000 	 0.000000 
2.312500 	 -1.377908 	 0.027835 	 0.005205 	 0.642380 	 0.047959 	 0.020739 
0.650000 	 -1.782976 	 0.000088 	 0.000209 	 0.323779 	 0.003575 	 0.005500 
2.312500 	 -1.421569 	 0.015855 	 0.002965 	 0.696700 	 0.018959 	 0.008198 
0.650000 	 -2.000000 	 0.000000 	 0.000000 	 1.000000 	 0.000000 	 0.000000 
2.312500 	 -1.247188 	 0.012489 	 0.002335 	 0.418353 	 0.040380 	 0.017462 
0.650000 	 -1.791979 	 0.000063 	 0.000150 	 0.038116 	 0.001385 	 0.002131 
2.312500 	 -1.388979 	 0.026013 	 0.004864 	 0.639470 	 0.038256 	 0.016543 
0.650000 	 -1.999968 	 0.000001 	 0.000002 	 0.999992 	 0.000000 	 0.000000 
2.312500 	 -1.358436 	 0.017375 	 0.003249 	 0.638322 	 0.023589 	 0.010201 
0.650000 	 -1.999956 	 0.000001 	 0.000002 	 0.999989 	 0.000000 	 0.000000 
2.312500 	 -1.361192 	 0.023945 	 0.004478 	 0.583491 	 0.046916 	 0.020288 
0.650000 	 -2.000000 	 0.000000 	 0.000000 	 1.000000 	 0.000000 	 0.000000 
2.312500 	 -1.454365 	 0.015521 	 0.002902 	 0.741944 	 0.010905 	 0.004716 
0.650000 	 -2.000000 	 0.000000 	 0.000000 	 1.000000 	 0.000000 	 0.000000 
2.312500 	 -1.410338 	 0.020066 	 0.003752 	 0.690959 	 0.017219 	 0.007446 
0.650000 	 -2.000000 	 0.000000 	 0.000000 	 1.000000 	 0.000000 	 0.000000 
2.312500 	 -1.338594 	 0.018335 	 0.003429 	 0.561147 	 0.048423 	 0.020940 
0.650000 	 -2.000000 	 0.000000 	 0.000000 	 1.000000 	 0.000000 	 0.000000 
2.312500 	 -1.451318 	 0.014230 	 0.002661 	 0.745430 	 0.012053 	 0.005212 
0.650000 	 -2.000000 	 0.000000 	 0.000000 	 1.000000 	 0.000000 	 0.000000 
2.312500 	 -1.303391 	 0.030082 	 0.005625 	 0.417796 	 0.090034 	 0.038933 
0.650000 	 -1.999993 	 0.000000 	 0.000000 	 0.999998 	 0.000000 	 0.000000 
2.312500 	 -1.211512 	 0.010833 	 0.002026 	 0.253475 	 0.027002 	 0.011677 
0.650000 	 -2.000000 	 0.000000 	 0.000000 	 1.000000 	 0.000000 	 0.000000 
2.312500 	 -1.360386 	 0.024322 	 0.004548 	 0.656536 	 0.019312 	 0.008351 
0.650000 	 -2.000000 	 0.000000 	 0.000000 	 1.000000 	 0.000000 	 0.000000 
2.312500 	 -1.381121 	 0.023106 	 0.004321 	 0.629030 	 0.038078 	 0.016466 
0.650000 	 -2.000000 	 0.000000 	 0.000000 	 1.000000 	 0.000000 	 0.000000 
2.312500 	 -1.306020 	 0.026876 	 0.005026 	 0.454868 	 0.077480 	 0.033505 
0.650000 	 -2.000000 	 0.000000 	 0.000000 	 1.000000 	 0.000000 	 0.000000 
2.312500 	 -1.404204 	 0.014111 	 0.002639 	 0.714991 	 0.008800 	 0.003805 
0.650000 	 -1.785777 	 0.000096 	 0.000228 	 0.185635 	 0.006125 	 0.009422 
2.312500 	 -1.432810 	 0.016107 	 0.003012 	 0.702328 	 0.018290 	 0.007909 
0.650000 	 -2.000000 	 0.000000 	 0.000000 	 1.000000 	 0.000000 	 0.000000 
2.312500 	 -1.370927 	 0.032814 	 0.006136 	 0.630525 	 0.042390 	 0.018331 
0.650000 	 -1.793445 	 0.000062 	 0.000146 	 0.096853 	 0.000364 	 0.000561 
2.312500 	 -1.339843 	 0.016094 	 0.003010 	 0.595496 	 0.032596 	 0.014096 
0.650000 	 -2.000000 	 0.000000 	 0.000000 	 1.000000 	 0.000000 	 0.000000 
2.312500 	 -1.377085 	 0.018662 	 0.003490 	 0.652106 	 0.013142 	 0.005683 
0.650000 	 -1.999958 	 0.000001 	 0.000002 	 0.999989 	 0.000000 	 0.000000 
2.312500 	 -1.406144 	 0.018464 	 0.003453 	 0.667061 	 0.017056 	 0.007376 
0.650000 	 -1.788973 	 0.000097 	 0.000229 	 0.262176 	 0.002264 	 0.003484 
2.312500 	 -1.334345 	 0.021776 	 0.004072 	 0.488003 	 0.068309 	 0.029539 
0.650000 	 -2.000000 	 0.000000 	 0.000000 	 1.000000 	 0.000000 	 0.000000 
2.312500 	 -1.425803 	 0.016854 	 0.003152 	 0.695400 	 0.009948 	 0.004302 
0.650000 	 -1.854097 	 0.008612 	 0.020382 	 0.792265 	 0.018925 	 0.029115 
2.312500 	 -1.422813 	 0.020533 	 0.003840 	 0.712547 	 0.015153 	 0.006553 
0.650000 	 -2.000000 	 0.000000 	 0.000000 	 1.000000 	 0.000000 	 0.000000 
2.312500 	 -1.449778 	 0.016801 	 0.003142 	 0.748581 	 0.008157 	 0.003527 
0.650000 	 -2.000000 	 0.000000 	 0.000000 	 1.000000 	 0.000000 	 0.000000 
2.312500 	 -1.485173 	 0.016139 	 0.003018 	 0.723976 	 0.035064 	 0.015163 
0.650000 	 -1.792828 	 0.000063 	 0.000148 	 0.184371 	 0.011055 	 0.017008 
2.312500 	 -1.360298 	 0.024677 	 0.004614 	 0.570627 	 0.047120 	 0.020376 
0.650000 	 -1.785343 	 0.000088 	 0.000209 	 0.088084 	 0.003012 	 0.004634 
2.312500 	 -1.370475 	 0.012484 	 0.002334 	 0.663150 	 0.013466 	 0.005823 
0.650000 	 -1.792309 	 0.000044 	 0.000105 	 0.575671 	 0.001158 	 0.001781 
2.312500 	 -1.443783 	 0.016747 	 0.003132 	 0.729011 	 0.013350 	 0.005773 
0.650000 	 -2.000000 	 0.000000 	 0.000000 	 1.000000 	 0.000000 	 0.000000 
0.650000 	 -2.000000 	 0.000000 	 0.000000 	 1.000000 	 0.000000 	 0.000000 
2.312500 	 -1.290092 	 0.017570 	 0.003286 	 0.538879 	 0.021557 	 0.009322 
0.650000 	 -1.999983 	 0.000000 	 0.000001 	 0.999996 	 0.000000 	 0.000000 
2.312500 	 -1.343012 	 0.016217 	 0.003032 	 0.626239 	 0.022121 	 0.009566 
0.650000 	 -2.000000 	 0.000000 	 0.000000 	 1.000000 	 0.000000 	 0.000000 
2.312500 	 -1.317581 	 0.020543 	 0.003842 	 0.508545 	 0.053677 	 0.023212 
0.650000 	 -1.999896 	 0.000002 	 0.000005 	 0.999974 	 0.000000 	 0.000000 
2.312500 	 -1.342269 	 0.015606 	 0.002918 	 0.584793 	 0.023309 	 0.010080 
0.650000 	 -2.000000 	 0.000000 	 0.000000 	 1.000000 	 0.000000 	 0.000000 
2.312500 	 -1.256951 	 0.016784 	 0.003139 	 0.435152 	 0.032899 	 0.014227 
0.650000 	 -1.999942 	 0.000001 	 0.000003 	 0.999985 	 0.000000 	 0.000000 
2.312500 	 -1.331362 	 0.017335 	 0.003242 	 0.565903 	 0.029071 	 0.012571 
0.650000 	 -1.791548 	 0.000096 	 0.000228 	 0.383760 	 0.001066 	 0.001639 
2.312500 	 -1.297275 	 0.019171 	 0.003585 	 0.485876 	 0.036017 	 0.015575 
0.650000 	 -2.000000 	 0.000000 	 0.000000 	 1.000000 	 0.000000 	 0.000000 
2.312500 	 -1.458194 	 0.012925 	 0.002417 	 0.762881 	 0.006419 	 0.002776 
0.650000 	 -1.999883 	 0.000002 	 0.000006 	 0.999971 	 0.000000 	 0.000000 
2.312500 	 -1.351894 	 0.033711 	 0.006304 	 0.559998 	 0.074944 	 0.032408 
0.650000 	 -1.782990 	 0.000139 	 0.000328 	 0.110809 	 0.004217 	 0.006487 
2.312500 	 -1.435190 	 0.014227 	 0.002660 	 0.718947 	 0.012717 	 0.005499 
0.650000 	 -2.000000 	 0.000000 	 0.000000 	 1.000000 	 0.000000 	 0.000000 
2.312500 	 -1.208925 	 0.011137 	 0.002083 	 0.241614 	 0.017178 	 0.007428 
0.650000 	 -2.000000 	 0.000000 	 0.000000 	 1.000000 	 0.000000 	 0.000000 
2.312500 	 -1.255958 	 0.010119 	 0.001892 	 0.326353 	 0.038991 	 0.016861 
0.650000 	 -2.000000 	 0.000000 	 0.000000 	 1.000000 	 0.000000 	 0.000000 
