0.200000 	 -1.949375 	 0.000000 	 -0.000000 	 0.210379 	 0.000003 	 0.000016 
2.041667 	 -1.597985 	 0.000157 	 0.000038 	 0.128690 	 0.000113 	 0.000055 
2.270833 	 -1.420845 	 0.000338 	 0.000066 	 0.617545 	 0.000077 	 0.000034 
2.500000 	 -1.102101 	 0.000314 	 0.000050 	 0.209001 	 0.000127 	 0.000051 
0.200000 	 -1.950000 	 0.000000 	 0.000000 	 0.050000 	 0.000000 	 0.000000 
2.041667 	 -1.697357 	 0.000442 	 0.000106 	 0.891850 	 0.000052 	 0.000025 
2.500000 	 -1.075957 	 0.000739 	 0.000118 	 0.042932 	 0.000400 	 0.000160 
2.270833 	 -1.389799 	 0.000194 	 0.000038 	 0.406129 	 0.000177 	 0.000078 
0.200000 	 -1.950000 	 0.000000 	 0.000000 	 0.000000 	 0.000000 	 0.000000 
2.041667 	 -1.741239 	 0.000460 	 0.000110 	 0.914344 	 0.000055 	 0.000027 
2.270833 	 -1.336873 	 0.000276 	 0.000053 	 0.056401 	 0.000164 	 0.000072 
2.500000 	 -1.105052 	 0.000427 	 0.000068 	 0.038793 	 0.000123 	 0.000049 
0.200000 	 -1.949375 	 0.000000 	 -0.000000 	 0.004153 	 0.000001 	 0.000003 
2.041667 	 -1.692490 	 0.000219 	 0.000053 	 0.884071 	 0.000049 	 0.000024 
2.500000 	 -1.100872 	 0.000168 	 0.000027 	 0.027180 	 0.000200 	 0.000080 
2.270833 	 -1.369433 	 0.000196 	 0.000038 	 0.285088 	 0.000347 	 0.000153 
0.200000 	 -2.000000 	 0.000000 	 0.000000 	 1.000000 	 0.000000 	 0.000000 
2.041667 	 -1.703273 	 0.000149 	 0.000036 	 0.884803 	 0.000030 	 0.000014 
2.500000 	 -1.106990 	 0.000808 	 0.000129 	 0.014164 	 0.000102 	 0.000041 
2.270833 	 -1.381040 	 0.000425 	 0.000082 	 0.575816 	 0.000154 	 0.000068 
0.200000 	 -1.945625 	 0.000000 	 -0.000000 	 0.261561 	 0.000008 	 0.000039 
2.041667 	 -1.739259 	 0.000408 	 0.000098 	 0.906933 	 0.000080 	 0.000039 
2.500000 	 -1.109522 	 0.001094 	 0.000175 	 0.028953 	 0.000300 	 0.000120 
2.270833 	 -1.374147 	 0.000428 	 0.000083 	 0.186122 	 0.000069 	 0.000030 
0.200000 	 -2.000000 	 0.000000 	 0.000000 	 1.000000 	 0.000000 	 0.000000 
2.041667 	 -1.715397 	 0.000236 	 0.000057 	 0.893279 	 0.000046 	 0.000023 
2.270833 	 -1.371879 	 0.000568 	 0.000110 	 0.240460 	 0.000243 	 0.000107 
2.500000 	 -1.076000 	 0.000706 	 0.000113 	 0.029846 	 0.000326 	 0.000130 
0.200000 	 -2.000000 	 0.000000 	 0.000000 	 1.000000 	 0.000000 	 0.000000 
2.041667 	 -1.625350 	 0.000375 	 0.000090 	 0.158781 	 0.000068 	 0.000033 
2.270833 	 -1.398473 	 0.000540 	 0.000105 	 0.462443 	 0.000227 	 0.000100 
2.500000 	 -1.069683 	 0.000564 	 0.000090 	 0.078569 	 0.000354 	 0.000142 
0.200000 	 -2.000000 	 0.000000 	 0.000000 	 1.000000 	 0.000000 	 0.000000 
2.041667 	 -1.713655 	 0.000286 	 0.000069 	 0.892247 	 0.000079 	 0.000039 
2.270833 	 -1.394352 	 0.001015 	 0.000197 	 0.242044 	 0.000100 	 0.000044 
2.500000 	 -1.119932 	 0.000280 	 0.000045 	 0.026889 	 0.000213 	 0.000085 
0.200000 	 -2.000000 	 0.000000 	 0.000000 	 1.000000 	 0.000000 	 0.000000 
2.041667 	 -1.709831 	 0.000265 	 0.000064 	 0.899449 	 0.000046 	 0.000022 
2.270833 	 -1.397808 	 0.000273 	 0.000053 	 0.585119 	 0.000170 	 0.000075 
2.500000 	 -1.144117 	 0.000351 	 0.000056 	 0.139091 	 0.000577 	 0.000231 
0.425000 	 -2.000000 	 0.000000 	 0.000000 	 1.000000 	 0.000000 	 0.000000 
2.062500 	 -1.644245 	 0.000335 	 0.000079 	 0.621947 	 0.000054 	 0.000026 
2.291667 	 -1.383755 	 0.000265 	 0.000050 	 0.460680 	 0.000261 	 0.000114 
2.500000 	 -1.116754 	 0.000255 	 0.000041 	 0.117833 	 0.000109 	 0.000044 
0.425000 	 -1.947911 	 0.000000 	 0.000001 	 0.155576 	 0.000004 	 0.000010 
2.062500 	 -1.620767 	 0.000181 	 0.000043 	 0.747123 	 0.000026 	 0.000013 
2.291667 	 -1.334522 	 0.000384 	 0.000073 	 0.417542 	 0.000258 	 0.000112 
2.500000 	 -1.099130 	 0.000297 	 0.000047 	 0.081469 	 0.000199 	 0.000080 
0.425000 	 -2.000000 	 0.000000 	 0.000000 	 1.000000 	 0.000000 	 0.000000 
2.062500 	 -1.705538 	 0.000294 	 0.000069 	 0.897584 	 0.000035 	 0.000017 
2.291667 	 -1.383102 	 0.000513 	 0.000098 	 0.473699 	 0.000105 	 0.000046 
2.500000 	 -1.116605 	 0.000550 	 0.000088 	 0.015674 	 0.000089 	 0.000036 
0.425000 	 -1.948750 	 0.000000 	 0.000000 	 0.124933 	 0.000001 	 0.000002 
2.062500 	 -1.636113 	 0.000503 	 0.000118 	 0.618984 	 0.000166 	 0.000081 
2.291667 	 -1.394452 	 0.000208 	 0.000040 	 0.584876 	 0.000228 	 0.000100 
2.500000 	 -1.103422 	 0.000258 	 0.000041 	 0.074684 	 0.000239 	 0.000096 
0.425000 	 -1.950000 	 0.000000 	 0.000000 	 0.025000 	 0.000000 	 0.000000 
2.062500 	 -1.652602 	 0.000191 	 0.000045 	 0.610132 	 0.000043 	 0.000021 
2.291667 	 -1.348851 	 0.000403 	 0.000077 	 0.363613 	 0.000825 	 0.000360 
0.425000 	 -2.000000 	 0.000000 	 0.000000 	 1.000000 	 0.000000 	 0.000000 
2.500000 	 -1.099142 	 0.000272 	 0.000044 	 0.018194 	 0.000163 	 0.000065 
2.062500 	 -1.672621 	 0.000632 	 0.000149 	 0.871765 	 0.000200 	 0.000097 
2.291667 	 -1.354243 	 0.000488 	 0.000093 	 0.529654 	 0.000721 	 0.000315 
0.425000 	 -2.000000 	 0.000000 	 0.000000 	 1.000000 	 0.000000 	 0.000000 
2.500000 	 -1.119352 	 0.000456 	 0.000073 	 0.052710 	 0.000147 	 0.000059 
2.062500 	 -1.592929 	 0.000211 	 0.000050 	 0.351922 	 0.000175 	 0.000085 
2.291667 	 -1.340747 	 0.000576 	 0.000110 	 0.410201 	 0.000618 	 0.000270 
0.425000 	 -2.000000 	 0.000000 	 0.000000 	 1.000000 	 0.000000 	 0.000000 
2.500000 	 -1.103310 	 0.000223 	 0.000036 	 0.084876 	 0.000490 	 0.000196 
2.062500 	 -1.699064 	 0.000404 	 0.000095 	 0.890071 	 0.000109 	 0.000053 
2.291667 	 -1.378926 	 0.000605 	 0.000115 	 0.618529 	 0.000208 	 0.000091 
0.425000 	 -1.949375 	 0.000000 	 -0.000000 	 0.518225 	 0.000002 	 0.000004 
2.500000 	 -1.124945 	 0.000471 	 0.000075 	 0.259268 	 0.000548 	 0.000219 
2.062500 	 -1.622843 	 0.000235 	 0.000055 	 0.355943 	 0.000173 	 0.000084 
0.425000 	 -2.000000 	 0.000000 	 0.000000 	 1.000000 	 0.000000 	 0.000000 
2.291667 	 -1.418864 	 0.000573 	 0.000109 	 0.679987 	 0.000137 	 0.000060 
2.500000 	 -1.093507 	 0.000535 	 0.000086 	 0.011142 	 0.000083 	 0.000033 
2.062500 	 -1.606627 	 0.000210 	 0.000049 	 0.083780 	 0.000072 	 0.000035 
0.650000 	 -2.000000 	 0.000000 	 0.000000 	 1.000000 	 0.000000 	 0.000000 
2.291667 	 -1.307260 	 0.000457 	 0.000087 	 0.196921 	 0.000609 	 0.000266 
2.500000 	 -1.130861 	 0.000258 	 0.000041 	 0.012273 	 0.000062 	 0.000025 
2.083333 	 -1.581295 	 0.000220 	 0.000051 	 0.273655 	 0.000044 	 0.000021 
0.650000 	 -2.000000 	 0.000000 	 0.000000 	 1.000000 	 0.000000 	 0.000000 
2.312500 	 -1.382796 	 0.000543 	 0.000102 	 0.505103 	 0.000118 	 0.000051 
2.722222 	 -0.954872 	 0.000420 	 0.000057 	 0.066166 	 0.000914 	 0.000336 
2.083333 	 -1.649232 	 0.000879 	 0.000203 	 0.837197 	 0.000216 	 0.000104 
0.650000 	 -1.944313 	 0.000000 	 0.000001 	 0.212508 	 0.000005 	 0.000008 
2.312500 	 -1.350539 	 0.000297 	 0.000055 	 0.519166 	 0.000330 	 0.000143 
2.722222 	 -0.920634 	 0.000246 	 0.000033 	 0.023278 	 0.000282 	 0.000103 
2.083333 	 -1.678023 	 0.000382 	 0.000088 	 0.835090 	 0.000053 	 0.000026 
0.650000 	 -2.000000 	 0.000000 	 0.000000 	 1.000000 	 0.000000 	 0.000000 
2.312500 	 -1.332391 	 0.000399 	 0.000075 	 0.411221 	 0.000327 	 0.000142 
2.722222 	 -0.948042 	 0.000296 	 0.000040 	 0.053932 	 0.000357 	 0.000131 
2.083333 	 -1.586989 	 0.000161 	 0.000037 	 0.432296 	 0.000119 	 0.000057 
0.650000 	 -2.000000 	 0.000000 	 0.000000 	 1.000000 	 0.000000 	 0.000000 
2.312500 	 -1.342260 	 0.000395 	 0.000074 	 0.468248 	 0.000324 	 0.000140 
2.722222 	 -0.944034 	 0.000351 	 0.000047 	 0.029883 	 0.000327 	 0.000120 
2.083333 	 -1.692176 	 0.000205 	 0.000047 	 0.891301 	 0.000046 	 0.000022 
0.650000 	 -1.899453 	 0.000000 	 0.000001 	 0.005272 	 0.000015 	 0.000024 
2.312500 	 -1.412381 	 0.000459 	 0.000086 	 0.639668 	 0.000163 	 0.000071 
2.722222 	 -0.950899 	 0.000734 	 0.000099 	 0.009497 	 0.000049 	 0.000018 
2.083333 	 -1.636170 	 0.000336 	 0.000078 	 0.710190 	 0.000158 	 0.000076 
0.650000 	 -2.000000 	 0.000000 	 0.000000 	 1.000000 	 0.000000 	 0.000000 
2.312500 	 -1.275766 	 0.000476 	 0.000089 	 0.365996 	 0.000292 	 0.000126 
2.722222 	 -0.980890 	 0.000372 	 0.000050 	 0.061798 	 0.002086 	 0.000766 
2.083333 	 -1.600624 	 0.000296 	 0.000068 	 0.565663 	 0.000088 	 0.000042 
0.650000 	 -1.899552 	 0.000000 	 0.000001 	 0.008203 	 0.000013 	 0.000019 
2.312500 	 -1.284407 	 0.000269 	 0.000050 	 0.340876 	 0.000263 	 0.000114 
2.722222 	 -0.967204 	 0.000674 	 0.000091 	 0.096763 	 0.000236 	 0.000087 
2.083333 	 -1.681501 	 0.000288 	 0.000066 	 0.883190 	 0.000044 	 0.000021 
0.650000 	 -1.947813 	 0.000000 	 0.000001 	 0.253601 	 0.000007 	 0.000011 
2.312500 	 -1.333852 	 0.000331 	 0.000062 	 0.249508 	 0.000425 	 0.000184 
2.722222 	 -0.956423 	 0.000254 	 0.000034 	 0.026850 	 0.000270 	 0.000099 
2.083333 	 -1.670478 	 0.000305 	 0.000070 	 0.872198 	 0.000039 	 0.000019 
0.650000 	 -1.999928 	 0.000000 	 0.000000 	 0.999982 	 0.000000 	 0.000000 
2.312500 	 -1.304310 	 0.000553 	 0.000103 	 0.084699 	 0.000116 	 0.000050 
2.722222 	 -0.951217 	 0.000398 	 0.000054 	 0.017189 	 0.000098 	 0.000036 
2.083333 	 -1.621157 	 0.000296 	 0.000068 	 0.635243 	 0.000027 	 0.000013 
0.875000 	 -1.941414 	 0.000002 	 0.000002 	 0.332071 	 0.000022 	 0.000025 
2.312500 	 -1.357716 	 0.000387 	 0.000072 	 0.377807 	 0.000667 	 0.000288 
2.722222 	 -0.948779 	 0.000287 	 0.000039 	 0.047761 	 0.000237 	 0.000087 
2.104167 	 -1.600116 	 0.000125 	 0.000028 	 0.389575 	 0.000192 	 0.000091 
0.875000 	 -1.998097 	 0.000002 	 0.000002 	 0.999523 	 0.000000 	 0.000000 
2.333333 	 -1.316357 	 0.000281 	 0.000052 	 0.498276 	 0.000078 	 0.000033 
0.875000 	 -1.938251 	 0.000003 	 0.000004 	 0.065981 	 0.000006 	 0.000007 
2.104167 	 -1.559393 	 0.000421 	 0.000095 	 0.388472 	 0.000068 	 0.000032 
2.944444 	 -0.842507 	 0.000204 	 0.000024 	 0.053582 	 0.000308 	 0.000105 
2.333333 	 -1.290644 	 0.000263 	 0.000048 	 0.071164 	 0.000918 	 0.000394 
0.875000 	 -1.999661 	 0.000000 	 0.000001 	 0.999915 	 0.000000 	 0.000000 
2.104167 	 -1.562256 	 0.000214 	 0.000048 	 0.110231 	 0.000132 	 0.000063 
2.944444 	 -0.841861 	 0.000229 	 0.000026 	 0.013079 	 0.000085 	 0.000029 
2.333333 	 -1.325911 	 0.000390 	 0.000072 	 0.518964 	 0.000091 	 0.000039 
0.875000 	 -1.939334 	 0.000002 	 0.000002 	 0.119974 	 0.000005 	 0.000005 
2.104167 	 -1.596750 	 0.000255 	 0.000058 	 0.557422 	 0.000334 	 0.000159 
2.944444 	 -0.835639 	 0.000610 	 0.000070 	 0.012832 	 0.000095 	 0.000032 
2.333333 	 -1.281136 	 0.000510 	 0.000094 	 0.141802 	 0.000284 	 0.000122 
0.875000 	 -1.998811 	 0.000001 	 0.000001 	 0.999701 	 0.000000 	 0.000000 
2.104167 	 -1.566445 	 0.000315 	 0.000071 	 0.084355 	 0.000196 	 0.000093 
2.944444 	 -0.842854 	 0.000573 	 0.000066 	 0.023213 	 0.000150 	 0.000051 
2.333333 	 -1.295441 	 0.000413 	 0.000076 	 0.194610 	 0.000537 	 0.000230 
0.875000 	 -1.999010 	 0.000001 	 0.000001 	 0.999753 	 0.000000 	 0.000000 
2.104167 	 -1.678882 	 0.000387 	 0.000087 	 0.880677 	 0.000091 	 0.000043 
2.944444 	 -0.849333 	 0.000312 	 0.000036 	 0.045450 	 0.000513 	 0.000174 
2.333333 	 -1.287576 	 0.000715 	 0.000131 	 0.316395 	 0.000538 	 0.000231 
0.875000 	 -1.999016 	 0.000000 	 0.000001 	 0.999754 	 0.000000 	 0.000000 
2.104167 	 -1.653377 	 0.000166 	 0.000038 	 0.866851 	 0.000034 	 0.000016 
2.944444 	 -0.858216 	 0.000321 	 0.000037 	 0.050543 	 0.000945 	 0.000321 
2.333333 	 -1.300587 	 0.000180 	 0.000033 	 0.172694 	 0.000244 	 0.000105 
0.875000 	 -1.998880 	 0.000002 	 0.000003 	 0.999720 	 0.000000 	 0.000000 
2.104167 	 -1.646360 	 0.000383 	 0.000087 	 0.855362 	 0.000056 	 0.000027 
2.944444 	 -0.833031 	 0.000475 	 0.000055 	 0.027103 	 0.000350 	 0.000119 
2.333333 	 -1.291607 	 0.000527 	 0.000097 	 0.077957 	 0.000238 	 0.000102 
0.875000 	 -1.941487 	 0.000002 	 0.000003 	 0.248577 	 0.000012 	 0.000014 
2.104167 	 -1.570786 	 0.000232 	 0.000052 	 0.221934 	 0.000136 	 0.000065 
2.944444 	 -0.839409 	 0.000411 	 0.000047 	 0.026612 	 0.000371 	 0.000126 
2.333333 	 -1.351512 	 0.000870 	 0.000160 	 0.631831 	 0.000575 	 0.000247 
1.100000 	 -1.929006 	 0.000013 	 0.000010 	 0.196300 	 0.000031 	 0.000028 
2.104167 	 -1.564494 	 0.000331 	 0.000075 	 0.041236 	 0.000048 	 0.000023 
2.944444 	 -0.852663 	 0.000231 	 0.000027 	 0.081283 	 0.000335 	 0.000114 
1.100000 	 -1.993853 	 0.000006 	 0.000005 	 0.998384 	 0.000000 	 0.000000 
2.333333 	 -1.313928 	 0.000276 	 0.000051 	 0.039816 	 0.000136 	 0.000058 
2.125000 	 -1.560343 	 0.000332 	 0.000074 	 0.105708 	 0.000187 	 0.000088 
1.100000 	 -1.929400 	 0.000016 	 0.000013 	 0.011215 	 0.000023 	 0.000021 
2.944444 	 -0.853835 	 0.000286 	 0.000033 	 0.046434 	 0.000135 	 0.000046 
2.354167 	 -1.241244 	 0.000321 	 0.000058 	 0.157223 	 0.000179 	 0.000076 
2.125000 	 -1.666787 	 0.000213 	 0.000047 	 0.878904 	 0.000051 	 0.000024 
1.100000 	 -1.993330 	 0.000007 	 0.000006 	 0.998292 	 0.000000 	 0.000000 
3.166667 	 -0.763383 	 0.000510 	 0.000051 	 0.015693 	 0.000124 	 0.000039 
2.354167 	 -1.251016 	 0.000394 	 0.000071 	 0.053045 	 0.001038 	 0.000441 
2.125000 	 -1.590892 	 0.000394 	 0.000087 	 0.649796 	 0.000057 	 0.000027 
1.100000 	 -1.932448 	 0.000020 	 0.000017 	 0.549958 	 0.000005 	 0.000005 
2.354167 	 -1.255533 	 0.000432 	 0.000078 	 0.066011 	 0.000276 	 0.000117 
3.166667 	 -0.751380 	 0.000302 	 0.000030 	 0.025883 	 0.000291 	 0.000092 
2.125000 	 -1.648446 	 0.000259 	 0.000057 	 0.868290 	 0.000048 	 0.000023 
1.100000 	 -1.994692 	 0.000004 	 0.000003 	 0.998650 	 0.000000 	 0.000000 
2.354167 	 -1.270524 	 0.000470 	 0.000085 	 0.266910 	 0.000077 	 0.000033 
3.166667 	 -0.762478 	 0.000763 	 0.000076 	 0.017359 	 0.000120 	 0.000038 
2.125000 	 -1.589922 	 0.000569 	 0.000126 	 0.705218 	 0.000229 	 0.000108 
1.100000 	 -1.993044 	 0.000006 	 0.000005 	 0.998205 	 0.000000 	 0.000000 
2.354167 	 -1.285108 	 0.000655 	 0.000118 	 0.216997 	 0.000393 	 0.000167 
3.166667 	 -0.757681 	 0.000518 	 0.000052 	 0.027378 	 0.000310 	 0.000098 
2.125000 	 -1.573865 	 0.000570 	 0.000126 	 0.632698 	 0.000148 	 0.000070 
1.100000 	 -1.994263 	 0.000005 	 0.000004 	 0.998531 	 0.000000 	 0.000000 
2.354167 	 -1.217289 	 0.000591 	 0.000107 	 0.128976 	 0.000059 	 0.000025 
2.125000 	 -1.549363 	 0.000272 	 0.000060 	 0.109554 	 0.000057 	 0.000027 
3.166667 	 -0.761461 	 0.000232 	 0.000023 	 0.029789 	 0.000214 	 0.000068 
1.100000 	 -1.993604 	 0.000005 	 0.000005 	 0.998348 	 0.000000 	 0.000000 
2.354167 	 -1.222071 	 0.000278 	 0.000050 	 0.237290 	 0.000098 	 0.000042 
2.125000 	 -1.602233 	 0.000337 	 0.000075 	 0.704053 	 0.000072 	 0.000034 
3.166667 	 -0.741826 	 0.000521 	 0.000052 	 0.023096 	 0.000155 	 0.000049 
1.100000 	 -1.993890 	 0.000007 	 0.000005 	 0.998450 	 0.000000 	 0.000000 
2.354167 	 -1.238596 	 0.000361 	 0.000065 	 0.277887 	 0.000727 	 0.000309 
2.125000 	 -1.654117 	 0.000295 	 0.000065 	 0.869352 	 0.000151 	 0.000071 
3.166667 	 -0.767269 	 0.001042 	 0.000104 	 0.043493 	 0.000737 	 0.000233 
1.325000 	 -1.904846 	 0.000025 	 0.000014 	 0.494577 	 0.000012 	 0.000009 
2.354167 	 -1.293493 	 0.000491 	 0.000089 	 0.306868 	 0.000716 	 0.000304 
2.125000 	 -1.519119 	 0.000752 	 0.000166 	 0.066198 	 0.000104 	 0.000049 
3.166667 	 -0.760215 	 0.000383 	 0.000038 	 0.028013 	 0.000182 	 0.000058 
1.325000 	 -1.953551 	 0.000028 	 0.000016 	 0.934682 	 0.000010 	 0.000007 
2.354167 	 -1.257540 	 0.000351 	 0.000063 	 0.018831 	 0.000069 	 0.000029 
2.145833 	 -1.624070 	 0.000437 	 0.000095 	 0.849671 	 0.000050 	 0.000023 
1.325000 	 -1.903607 	 0.000035 	 0.000020 	 0.454138 	 0.000014 	 0.000010 
3.166667 	 -0.769443 	 0.000359 	 0.000036 	 0.040760 	 0.000278 	 0.000088 
2.375000 	 -1.218881 	 0.000262 	 0.000046 	 0.043633 	 0.000228 	 0.000096 
2.145833 	 -1.517781 	 0.000477 	 0.000104 	 0.405840 	 0.000703 	 0.000327 
1.325000 	 -1.978490 	 0.000026 	 0.000015 	 0.994283 	 0.000002 	 0.000002 
3.166667 	 -0.738907 	 0.000401 	 0.000040 	 0.048760 	 0.000420 	 0.000133 
2.375000 	 -1.185719 	 0.000653 	 0.000116 	 0.083173 	 0.000596 	 0.000251 
2.145833 	 -1.611602 	 0.000269 	 0.000058 	 0.842342 	 0.000157 	 0.000073 
1.325000 	 -1.980067 	 0.000024 	 0.000014 	 0.994735 	 0.000002 	 0.000002 
3.388889 	 -0.694996 	 0.000508 	 0.000044 	 0.037044 	 0.000249 	 0.000074 
2.375000 	 -1.240173 	 0.000627 	 0.000111 	 0.031442 	 0.000198 	 0.000083 
2.145833 	 -1.631753 	 0.000298 	 0.000065 	 0.859652 	 0.000082 	 0.000038 
1.325000 	 -1.976761 	 0.000028 	 0.000016 	 0.993873 	 0.000002 	 0.000002 
3.388889 	 -0.702987 	 0.000329 	 0.000029 	 0.023252 	 0.000153 	 0.000045 
2.145833 	 -1.638238 	 0.000192 	 0.000042 	 0.850395 	 0.000055 	 0.000026 
2.375000 	 -1.225821 	 0.000305 	 0.000054 	 0.097381 	 0.000042 	 0.000018 
1.325000 	 -1.976775 	 0.000027 	 0.000015 	 0.993895 	 0.000002 	 0.000002 
3.388889 	 -0.686931 	 0.000533 	 0.000046 	 0.030105 	 0.000300 	 0.000089 
2.145833 	 -1.646797 	 0.000454 	 0.000099 	 0.860262 	 0.000105 	 0.000049 
1.325000 	 -1.903217 	 0.000033 	 0.000019 	 0.472919 	 0.000013 	 0.000010 
2.375000 	 -1.198284 	 0.000367 	 0.000065 	 0.043011 	 0.000812 	 0.000342 
3.388889 	 -0.684258 	 0.000331 	 0.000029 	 0.010086 	 0.000045 	 0.000013 
1.325000 	 -1.904832 	 0.000036 	 0.000020 	 0.082672 	 0.000020 	 0.000015 
2.145833 	 -1.544617 	 0.000443 	 0.000096 	 0.512273 	 0.000352 	 0.000164 
2.375000 	 -1.250031 	 0.000338 	 0.000060 	 0.043258 	 0.000565 	 0.000238 
3.388889 	 -0.700343 	 0.000318 	 0.000028 	 0.029079 	 0.000226 	 0.000067 
1.325000 	 -1.903688 	 0.000020 	 0.000011 	 0.049265 	 0.000030 	 0.000023 
2.145833 	 -1.552184 	 0.000199 	 0.000043 	 0.696743 	 0.000075 	 0.000035 
2.375000 	 -1.257514 	 0.000371 	 0.000066 	 0.086383 	 0.000117 	 0.000049 
1.550000 	 -1.866556 	 0.000052 	 0.000022 	 0.298636 	 0.000033 	 0.000021 
3.388889 	 -0.707276 	 0.000568 	 0.000049 	 0.028719 	 0.000179 	 0.000053 
2.145833 	 -1.635242 	 0.000281 	 0.000061 	 0.859963 	 0.000126 	 0.000059 
2.375000 	 -1.198573 	 0.000336 	 0.000060 	 0.111770 	 0.000244 	 0.000103 
1.550000 	 -1.869585 	 0.000069 	 0.000029 	 0.045646 	 0.000009 	 0.000006 
3.388889 	 -0.695058 	 0.001164 	 0.000101 	 0.057654 	 0.000533 	 0.000157 
2.145833 	 -1.603709 	 0.000463 	 0.000100 	 0.819057 	 0.000063 	 0.000029 
2.375000 	 -1.257691 	 0.000766 	 0.000136 	 0.128039 	 0.000616 	 0.000259 
1.550000 	 -1.863650 	 0.000059 	 0.000025 	 0.170320 	 0.000031 	 0.000020 
2.166667 	 -1.504429 	 0.000249 	 0.000053 	 0.397233 	 0.000113 	 0.000052 
3.388889 	 -0.685698 	 0.000272 	 0.000024 	 0.028011 	 0.000215 	 0.000064 
2.375000 	 -1.280117 	 0.000230 	 0.000041 	 0.030438 	 0.000530 	 0.000223 
1.550000 	 -1.857319 	 0.000050 	 0.000021 	 0.054433 	 0.000009 	 0.000006 
2.166667 	 -1.526382 	 0.000506 	 0.000108 	 0.780796 	 0.000095 	 0.000044 
3.388889 	 -0.682680 	 0.000366 	 0.000032 	 0.013661 	 0.000125 	 0.000037 
2.395833 	 -1.223168 	 0.000702 	 0.000122 	 0.036579 	 0.000266 	 0.000111 
1.550000 	 -1.861631 	 0.000040 	 0.000017 	 0.044099 	 0.000046 	 0.000030 
2.166667 	 -1.536845 	 0.000231 	 0.000049 	 0.532626 	 0.000088 	 0.000040 
2.395833 	 -1.221905 	 0.000346 	 0.000060 	 0.153939 	 0.000296 	 0.000124 
3.388889 	 -0.677587 	 0.000229 	 0.000020 	 0.027778 	 0.000326 	 0.000096 
1.550000 	 -1.907104 	 0.000080 	 0.000033 	 0.842683 	 0.000077 	 0.000049 
2.166667 	 -1.576496 	 0.000171 	 0.000036 	 0.789310 	 0.000053 	 0.000025 
2.395833 	 -1.209903 	 0.000202 	 0.000035 	 0.167051 	 0.000231 	 0.000096 
3.611111 	 -0.629901 	 0.000343 	 0.000026 	 0.024160 	 0.000548 	 0.000152 
1.550000 	 -1.858452 	 0.000059 	 0.000025 	 0.015025 	 0.000036 	 0.000023 
2.166667 	 -1.502923 	 0.000428 	 0.000091 	 0.138792 	 0.000199 	 0.000092 
2.395833 	 -1.206250 	 0.000326 	 0.000057 	 0.230229 	 0.000401 	 0.000167 
3.611111 	 -0.631927 	 0.000297 	 0.000023 	 0.012103 	 0.000055 	 0.000015 
1.550000 	 -1.940517 	 0.000124 	 0.000052 	 0.983606 	 0.000010 	 0.000006 
2.166667 	 -1.484475 	 0.000398 	 0.000085 	 0.357108 	 0.000073 	 0.000034 
2.395833 	 -1.218665 	 0.000474 	 0.000083 	 0.073571 	 0.000411 	 0.000171 
3.611111 	 -0.625885 	 0.000261 	 0.000020 	 0.026314 	 0.000216 	 0.000060 
1.550000 	 -1.859615 	 0.000086 	 0.000036 	 0.184684 	 0.000013 	 0.000009 
2.166667 	 -1.584067 	 0.000536 	 0.000114 	 0.791406 	 0.000049 	 0.000023 
2.395833 	 -1.222603 	 0.000951 	 0.000166 	 0.135561 	 0.000208 	 0.000087 
3.611111 	 -0.642705 	 0.000384 	 0.000029 	 0.026277 	 0.000342 	 0.000095 
1.550000 	 -1.935176 	 0.000081 	 0.000034 	 0.980815 	 0.000011 	 0.000007 
2.166667 	 -1.591425 	 0.000629 	 0.000134 	 0.812509 	 0.000196 	 0.000091 
2.395833 	 -1.165941 	 0.000411 	 0.000072 	 0.055830 	 0.000204 	 0.000085 
1.775000 	 -1.784873 	 0.000077 	 0.000025 	 0.049194 	 0.000087 	 0.000049 
3.611111 	 -0.640232 	 0.000172 	 0.000013 	 0.020178 	 0.000213 	 0.000059 
2.166667 	 -1.499417 	 0.000151 	 0.000032 	 0.112310 	 0.000311 	 0.000143 
2.395833 	 -1.201732 	 0.000838 	 0.000146 	 0.161730 	 0.000651 	 0.000272 
1.775000 	 -1.863931 	 0.000167 	 0.000053 	 0.958122 	 0.000019 	 0.000011 
3.611111 	 -0.628083 	 0.000267 	 0.000020 	 0.014728 	 0.000151 	 0.000042 
2.166667 	 -1.477384 	 0.000437 	 0.000093 	 0.035527 	 0.000178 	 0.000082 
2.395833 	 -1.171923 	 0.000241 	 0.000042 	 0.133832 	 0.000420 	 0.000175 
1.775000 	 -1.869667 	 0.000233 	 0.000074 	 0.960604 	 0.000021 	 0.000012 
3.611111 	 -0.626034 	 0.000250 	 0.000019 	 0.026848 	 0.000244 	 0.000068 
2.187500 	 -1.481863 	 0.000288 	 0.000060 	 0.332110 	 0.000095 	 0.000043 
2.395833 	 -1.197842 	 0.000451 	 0.000079 	 0.237333 	 0.000281 	 0.000117 
1.775000 	 -1.795479 	 0.000107 	 0.000034 	 0.032077 	 0.000029 	 0.000017 
3.611111 	 -0.631889 	 0.000707 	 0.000054 	 0.034920 	 0.000471 	 0.000130 
2.187500 	 -1.471336 	 0.000485 	 0.000101 	 0.240840 	 0.000234 	 0.000107 
2.416667 	 -1.253406 	 0.000501 	 0.000086 	 0.011240 	 0.000055 	 0.000023 
1.775000 	 -1.871526 	 0.000091 	 0.000029 	 0.961745 	 0.000010 	 0.000005 
3.611111 	 -0.623651 	 0.000213 	 0.000016 	 0.013258 	 0.000093 	 0.000026 
2.187500 	 -1.492479 	 0.000170 	 0.000036 	 0.154169 	 0.000048 	 0.000022 
2.416667 	 -1.163984 	 0.000825 	 0.000141 	 0.044624 	 0.000669 	 0.000277 
1.775000 	 -1.810970 	 0.000186 	 0.000059 	 0.635685 	 0.000034 	 0.000019 
3.611111 	 -0.638756 	 0.000402 	 0.000031 	 0.022351 	 0.000297 	 0.000082 
2.187500 	 -1.460237 	 0.000156 	 0.000033 	 0.019712 	 0.000052 	 0.000024 
2.416667 	 -1.177014 	 0.000252 	 0.000043 	 0.076164 	 0.000278 	 0.000115 
1.775000 	 -1.866139 	 0.000173 	 0.000055 	 0.960345 	 0.000016 	 0.000009 
2.187500 	 -1.550662 	 0.000541 	 0.000113 	 0.790042 	 0.000144 	 0.000066 
3.833333 	 -0.586229 	 0.000313 	 0.000021 	 0.027954 	 0.000177 	 0.000046 
1.775000 	 -1.862832 	 0.000181 	 0.000057 	 0.956993 	 0.000032 	 0.000018 
2.416667 	 -1.210211 	 0.000467 	 0.000080 	 0.198689 	 0.000776 	 0.000321 
2.187500 	 -1.578423 	 0.000210 	 0.000044 	 0.813312 	 0.000096 	 0.000044 
3.833333 	 -0.587209 	 0.000346 	 0.000024 	 0.022440 	 0.000129 	 0.000034 
1.775000 	 -1.868146 	 0.000057 	 0.000018 	 0.961374 	 0.000006 	 0.000003 
2.416667 	 -1.205816 	 0.000354 	 0.000061 	 0.235464 	 0.000151 	 0.000062 
2.187500 	 -1.575504 	 0.000194 	 0.000040 	 0.765857 	 0.000104 	 0.000047 
3.833333 	 -0.597977 	 0.000270 	 0.000018 	 0.015928 	 0.000157 	 0.000041 
1.775000 	 -1.787129 	 0.000230 	 0.000073 	 0.007076 	 0.000023 	 0.000013 
2.416667 	 -1.124616 	 0.000266 	 0.000045 	 0.074492 	 0.000499 	 0.000206 
2.187500 	 -1.471346 	 0.001230 	 0.000257 	 0.207347 	 0.000100 	 0.000046 
3.833333 	 -0.591253 	 0.000271 	 0.000018 	 0.024194 	 0.000263 	 0.000069 
2.000000 	 -1.744645 	 0.000168 	 0.000042 	 0.912661 	 0.000020 	 0.000010 
2.416667 	 -1.195222 	 0.000408 	 0.000070 	 0.092782 	 0.000298 	 0.000123 
2.187500 	 -1.484821 	 0.000471 	 0.000098 	 0.275336 	 0.000131 	 0.000060 
2.000000 	 -1.746634 	 0.000236 	 0.000059 	 0.912902 	 0.000033 	 0.000016 
3.833333 	 -0.584830 	 0.000258 	 0.000018 	 0.011249 	 0.000065 	 0.000017 
2.416667 	 -1.171967 	 0.000166 	 0.000028 	 0.083893 	 0.000153 	 0.000063 
2.187500 	 -1.556475 	 0.000300 	 0.000063 	 0.797209 	 0.000112 	 0.000051 
2.000000 	 -1.663029 	 0.000459 	 0.000115 	 0.512228 	 0.000120 	 0.000060 
3.833333 	 -0.592413 	 0.000399 	 0.000027 	 0.020192 	 0.000263 	 0.000069 
2.416667 	 -1.210323 	 0.000601 	 0.000103 	 0.023113 	 0.000122 	 0.000051 
2.208333 	 -1.492117 	 0.000357 	 0.000073 	 0.618933 	 0.000096 	 0.000043 
2.000000 	 -1.733996 	 0.000161 	 0.000040 	 0.904106 	 0.000023 	 0.000012 
3.833333 	 -0.585750 	 0.000517 	 0.000035 	 0.011061 	 0.000072 	 0.000019 
2.416667 	 -1.171900 	 0.000234 	 0.000040 	 0.024411 	 0.000243 	 0.000100 
2.208333 	 -1.522392 	 0.001217 	 0.000249 	 0.748515 	 0.000301 	 0.000136 
2.000000 	 -1.657580 	 0.000145 	 0.000036 	 0.405556 	 0.000111 	 0.000055 
3.833333 	 -0.594311 	 0.000283 	 0.000019 	 0.024663 	 0.000170 	 0.000044 
2.437500 	 -1.155392 	 0.000498 	 0.000084 	 0.038821 	 0.000679 	 0.000279 
2.208333 	 -1.482092 	 0.000767 	 0.000157 	 0.405605 	 0.000274 	 0.000124 
2.000000 	 -1.686523 	 0.000238 	 0.000059 	 0.156535 	 0.000092 	 0.000046 
2.437500 	 -1.151639 	 0.001009 	 0.000170 	 0.216109 	 0.000123 	 0.000050 
3.833333 	 -0.574815 	 0.000224 	 0.000015 	 0.026804 	 0.000233 	 0.000061 
2.208333 	 -1.441250 	 0.000479 	 0.000098 	 0.148869 	 0.000198 	 0.000090 
2.000000 	 -1.752610 	 0.000498 	 0.000125 	 0.913074 	 0.000046 	 0.000023 
2.437500 	 -1.152431 	 0.000374 	 0.000063 	 0.160588 	 0.000259 	 0.000106 
3.833333 	 -0.581424 	 0.000209 	 0.000014 	 0.011354 	 0.000058 	 0.000015 
2.208333 	 -1.489162 	 0.000413 	 0.000085 	 0.487006 	 0.000181 	 0.000082 
2.000000 	 -1.685838 	 0.000408 	 0.000102 	 0.787399 	 0.000178 	 0.000089 
2.437500 	 -1.162273 	 0.000193 	 0.000032 	 0.121220 	 0.000329 	 0.000135 
4.055556 	 -0.548353 	 0.000426 	 0.000026 	 0.015937 	 0.000149 	 0.000037 
2.208333 	 -1.521292 	 0.000374 	 0.000077 	 0.773344 	 0.000214 	 0.000097 
2.000000 	 -1.751521 	 0.000309 	 0.000077 	 0.918440 	 0.000033 	 0.000017 
2.437500 	 -1.149586 	 0.000517 	 0.000087 	 0.200474 	 0.000218 	 0.000089 
4.055556 	 -0.555016 	 0.000246 	 0.000015 	 0.030704 	 0.000385 	 0.000095 
2.208333 	 -1.549308 	 0.000344 	 0.000071 	 0.783435 	 0.000106 	 0.000048 
2.000000 	 -1.686172 	 0.000487 	 0.000122 	 0.644633 	 0.000151 	 0.000075 
2.437500 	 -1.138389 	 0.000331 	 0.000056 	 0.040753 	 0.000259 	 0.000106 
2.208333 	 -1.508626 	 0.000259 	 0.000053 	 0.649793 	 0.000087 	 0.000039 
2.000000 	 -1.655299 	 0.000690 	 0.000172 	 0.086023 	 0.000201 	 0.000100 
4.055556 	 -0.538124 	 0.000633 	 0.000038 	 0.020755 	 0.000173 	 0.000043 
2.437500 	 -1.175416 	 0.000300 	 0.000050 	 0.098808 	 0.000422 	 0.000173 
2.000000 	 -1.670259 	 0.000249 	 0.000062 	 0.052637 	 0.000059 	 0.000030 
2.208333 	 -1.555602 	 0.000542 	 0.000111 	 0.783649 	 0.000667 	 0.000302 
4.055556 	 -0.535352 	 0.000249 	 0.000015 	 0.013768 	 0.000092 	 0.000023 
2.437500 	 -1.159773 	 0.000271 	 0.000046 	 0.051521 	 0.001567 	 0.000643 
2.000000 	 -1.695547 	 0.000308 	 0.000077 	 0.594951 	 0.000018 	 0.000009 
2.208333 	 -1.483274 	 0.000144 	 0.000030 	 0.399575 	 0.000067 	 0.000030 
4.055556 	 -0.539798 	 0.000275 	 0.000017 	 0.023309 	 0.000153 	 0.000038 
2.437500 	 -1.168528 	 0.000186 	 0.000031 	 0.041518 	 0.000407 	 0.000167 
2.000000 	 -1.723285 	 0.000380 	 0.000095 	 0.882964 	 0.000050 	 0.000025 
2.229167 	 -1.425962 	 0.000657 	 0.000132 	 0.255184 	 0.000393 	 0.000176 
4.055556 	 -0.538255 	 0.000319 	 0.000019 	 0.015541 	 0.000096 	 0.000024 
2.437500 	 -1.187028 	 0.000219 	 0.000037 	 0.204429 	 0.000190 	 0.000078 
2.000000 	 -1.752980 	 0.000236 	 0.000059 	 0.919516 	 0.000036 	 0.000018 
2.229167 	 -1.491547 	 0.000552 	 0.000111 	 0.700750 	 0.000237 	 0.000106 
4.055556 	 -0.546690 	 0.000402 	 0.000024 	 0.022415 	 0.000229 	 0.000057 
2.458333 	 -1.110690 	 0.000238 	 0.000039 	 0.120973 	 0.001066 	 0.000434 
2.000000 	 -1.749538 	 0.000332 	 0.000083 	 0.916225 	 0.000051 	 0.000025 
2.229167 	 -1.436210 	 0.000218 	 0.000044 	 0.023853 	 0.000151 	 0.000068 
4.055556 	 -0.548385 	 0.000209 	 0.000013 	 0.024973 	 0.000297 	 0.000073 
2.458333 	 -1.132401 	 0.000219 	 0.000036 	 0.073642 	 0.000154 	 0.000063 
2.000000 	 -1.645625 	 0.000112 	 0.000028 	 0.413843 	 0.000209 	 0.000104 
2.229167 	 -1.412661 	 0.000877 	 0.000177 	 0.446921 	 0.000158 	 0.000071 
4.055556 	 -0.541426 	 0.000317 	 0.000019 	 0.025633 	 0.000216 	 0.000053 
2.458333 	 -1.106144 	 0.000597 	 0.000099 	 0.069276 	 0.000109 	 0.000044 
2.000000 	 -1.725535 	 0.000421 	 0.000105 	 0.904091 	 0.000096 	 0.000048 
2.229167 	 -1.513599 	 0.000348 	 0.000070 	 0.752155 	 0.000058 	 0.000026 
4.055556 	 -0.538076 	 0.000232 	 0.000014 	 0.022291 	 0.000162 	 0.000040 
2.458333 	 -1.128600 	 0.000401 	 0.000066 	 0.070215 	 0.001006 	 0.000409 
2.000000 	 -1.708737 	 0.000164 	 0.000041 	 0.726827 	 0.000107 	 0.000053 
2.229167 	 -1.398090 	 0.000256 	 0.000052 	 0.158989 	 0.000096 	 0.000043 
4.277778 	 -0.513941 	 0.000298 	 0.000016 	 0.015465 	 0.000105 	 0.000025 
2.000000 	 -1.751139 	 0.000311 	 0.000078 	 0.903145 	 0.000036 	 0.000018 
2.458333 	 -1.123424 	 0.000700 	 0.000116 	 0.014086 	 0.000062 	 0.000025 
2.229167 	 -1.467404 	 0.000389 	 0.000078 	 0.500265 	 0.000084 	 0.000037 
4.277778 	 -0.517863 	 0.000279 	 0.000015 	 0.018923 	 0.000142 	 0.000033 
2.020833 	 -1.694857 	 0.000508 	 0.000124 	 0.888211 	 0.000178 	 0.000088 
2.458333 	 -1.154773 	 0.000345 	 0.000057 	 0.014011 	 0.000091 	 0.000037 
2.229167 	 -1.553007 	 0.000460 	 0.000093 	 0.811926 	 0.000133 	 0.000060 
2.020833 	 -1.740959 	 0.000390 	 0.000095 	 0.906995 	 0.000048 	 0.000024 
4.277778 	 -0.507000 	 0.000176 	 0.000010 	 0.019911 	 0.000175 	 0.000041 
2.458333 	 -1.147601 	 0.000341 	 0.000056 	 0.026042 	 0.000265 	 0.000108 
2.229167 	 -1.468820 	 0.000155 	 0.000031 	 0.635527 	 0.000116 	 0.000052 
2.020833 	 -1.656945 	 0.000133 	 0.000033 	 0.677287 	 0.000040 	 0.000020 
2.458333 	 -1.118933 	 0.000329 	 0.000055 	 0.241208 	 0.000088 	 0.000036 
4.277778 	 -0.508725 	 0.000331 	 0.000018 	 0.008988 	 0.000050 	 0.000012 
2.229167 	 -1.493628 	 0.000374 	 0.000075 	 0.586825 	 0.000054 	 0.000024 
2.020833 	 -1.740825 	 0.000178 	 0.000044 	 0.912361 	 0.000018 	 0.000009 
2.458333 	 -1.175281 	 0.000288 	 0.000048 	 0.024891 	 0.000077 	 0.000031 
2.250000 	 -1.378532 	 0.000165 	 0.000033 	 0.418829 	 0.000144 	 0.000064 
4.277778 	 -0.501402 	 0.000321 	 0.000018 	 0.015545 	 0.000194 	 0.000045 
2.020833 	 -1.749468 	 0.000243 	 0.000060 	 0.913982 	 0.000066 	 0.000033 
2.458333 	 -1.179236 	 0.000568 	 0.000094 	 0.250611 	 0.000504 	 0.000205 
2.250000 	 -1.374219 	 0.000169 	 0.000033 	 0.237787 	 0.000312 	 0.000139 
4.277778 	 -0.511711 	 0.000362 	 0.000020 	 0.015004 	 0.000090 	 0.000021 
2.020833 	 -1.735037 	 0.000276 	 0.000068 	 0.894245 	 0.000099 	 0.000049 
2.479167 	 -1.166680 	 0.000364 	 0.000059 	 0.158032 	 0.000436 	 0.000176 
2.250000 	 -1.475914 	 0.001002 	 0.000198 	 0.602426 	 0.000298 	 0.000133 
4.277778 	 -0.526805 	 0.000723 	 0.000039 	 0.017317 	 0.000164 	 0.000038 
2.020833 	 -1.641640 	 0.000294 	 0.000072 	 0.471005 	 0.000100 	 0.000049 
2.250000 	 -1.430245 	 0.000205 	 0.000040 	 0.395025 	 0.000110 	 0.000049 
2.479167 	 -1.152088 	 0.000876 	 0.000143 	 0.034080 	 0.000186 	 0.000075 
4.277778 	 -0.511680 	 0.000339 	 0.000019 	 0.017790 	 0.000144 	 0.000034 
2.020833 	 -1.733887 	 0.000567 	 0.000139 	 0.901240 	 0.000112 	 0.000055 
2.250000 	 -1.409790 	 0.000484 	 0.000096 	 0.300918 	 0.000106 	 0.000047 
2.479167 	 -1.090639 	 0.000246 	 0.000040 	 0.007867 	 0.000034 	 0.000014 
4.277778 	 -0.498175 	 0.000357 	 0.000020 	 0.014807 	 0.000206 	 0.000048 
2.020833 	 -1.662627 	 0.000370 	 0.000091 	 0.676102 	 0.000153 	 0.000076 
2.250000 	 -1.363141 	 0.000199 	 0.000039 	 0.085316 	 0.000665 	 0.000296 
2.479167 	 -1.128213 	 0.000537 	 0.000087 	 0.116742 	 0.000484 	 0.000195 
4.277778 	 -0.506097 	 0.000560 	 0.000031 	 0.016952 	 0.000321 	 0.000075 
2.020833 	 -1.737791 	 0.000191 	 0.000047 	 0.904723 	 0.000039 	 0.000019 
2.250000 	 -1.401873 	 0.000557 	 0.000110 	 0.467059 	 0.000050 	 0.000022 
2.479167 	 -1.134775 	 0.000278 	 0.000045 	 0.019922 	 0.000271 	 0.000109 
4.500000 	 -0.482522 	 0.000417 	 0.000021 	 0.026111 	 0.000322 	 0.000072 
2.250000 	 -1.426256 	 0.001206 	 0.000238 	 0.504405 	 0.000123 	 0.000055 
2.479167 	 -1.149778 	 0.000948 	 0.000154 	 0.012264 	 0.000103 	 0.000042 
2.250000 	 -1.492190 	 0.000214 	 0.000042 	 0.662116 	 0.000264 	 0.000117 
4.500000 	 -0.483163 	 0.000227 	 0.000011 	 0.022637 	 0.000124 	 0.000028 
2.479167 	 -1.148968 	 0.000328 	 0.000053 	 0.150423 	 0.001177 	 0.000475 
2.250000 	 -1.387243 	 0.000295 	 0.000058 	 0.113549 	 0.000301 	 0.000134 
4.500000 	 -0.476258 	 0.000254 	 0.000013 	 0.022943 	 0.000251 	 0.000056 
2.479167 	 -1.110171 	 0.000662 	 0.000108 	 0.067729 	 0.000653 	 0.000263 
4.500000 	 -0.495076 	 0.000474 	 0.000023 	 0.021987 	 0.000160 	 0.000036 
2.479167 	 -1.141881 	 0.000393 	 0.000064 	 0.140442 	 0.000146 	 0.000059 
4.500000 	 -0.483962 	 0.000471 	 0.000023 	 0.023664 	 0.000262 	 0.000058 
2.479167 	 -1.163629 	 0.000834 	 0.000136 	 0.261767 	 0.000436 	 0.000176 
4.500000 	 -0.490739 	 0.000415 	 0.000021 	 0.015323 	 0.000127 	 0.000028 
4.500000 	 -0.489121 	 0.000386 	 0.000019 	 0.024600 	 0.000266 	 0.000059 
4.500000 	 -0.496498 	 0.000354 	 0.000017 	 0.037659 	 0.000239 	 0.000053 
4.500000 	 -0.486670 	 0.000328 	 0.000016 	 0.017641 	 0.000182 	 0.000040 
4.500000 	 -0.489668 	 0.000317 	 0.000016 	 0.019191 	 0.000220 	 0.000049 
