1	0.0008368492126464844	0.17312334612907826	100
1	0.0011909008026123047	0.201469899523476	1000
1	0.0036826133728027344	0.20476525690306688	10000
1	0.029746055603027344	0.19504080312907615	100000
1	0.2705345153808594	0.19306090555572727	1000000
1	0.0006935596466064453	0.19366483032017803	100
1	0.0007846355438232422	0.16861378826324722	1000
1	0.0031244754791259766	0.19044328384320933	10000
1	0.02933478355407715	0.19149080119003858	100000
1	0.2507972717285156	0.1930492510660372	1000000
1	0.0006749629974365234	0.1652061683033181	100
1	0.0008275508880615234	0.20910241058512602	1000
1	0.0028841495513916016	0.18852658743455586	10000
1	0.028685569763183594	0.18884205384576072	100000
1	0.24714279174804688	0.19280123407995978	1000000
1	0.0006275177001953125	0.15269228806087	100
1	0.0008511543273925781	0.193150034332763	1000
1	0.0029327869415283203	0.21331027270558325	10000
1	0.02974700927734375	0.19342658595061044	100000
1	0.25101351737976074	0.1929136899837747	1000000
1	0.0005819797515869141	0.1858808862493004	100
1	0.0008556842803955078	0.2108255231419022	1000
1	0.0030159950256347656	0.19373508781834525	10000
1	0.029471635818481445	0.1914620735936141	100000
1	0.2474217414855957	0.1937603516795806	1000000
1	0.0005457401275634766	0.2342559298988083	100
1	0.001148223876953125	0.15555840305220095	1000
1	0.0032889842987060547	0.1926480306875062	10000
1	0.029509544372558594	0.1949325723357847	100000
1	0.2525639533996582	0.19177134270282578	1000000
1	0.0006177425384521484	0.2158411985377402	100
1	0.0008676052093505859	0.17820341307861273	1000
1	0.0034863948822021484	0.17989197909484386	10000
1	0.03151202201843262	0.191470232490293	100000
1	0.24911046028137207	0.1936446222601803	1000000
1	0.0005908012390136719	0.22857035201615591	100
1	0.0011014938354492188	0.17888358453396763	1000
1	0.0030126571655273438	0.18264632849751616	10000
1	0.0281679630279541	0.19393553379548434	100000
1	0.25019073486328125	0.19214522829625055	1000000
1	0.0005862712860107422	0.23837810860904152	100
1	0.00078582763671875	0.18094784688258164	1000
1	0.003068208694458008	0.19099431887993762	10000
1	0.03102874755859375	0.1905097734260086	100000
1	0.2551584243774414	0.1930515959376205	1000000
1	0.0009589195251464844	0.30779367749828984	100
1	0.001005411148071289	0.2388282439199365	1000
1	0.0030968189239501953	0.19503687352117074	10000
1	0.02777576446533203	0.19172116699090816	100000
1	0.25322437286376953	0.19251906748113917	1000000
1	0.0005486011505126953	0.28449952945059676	100
1	0.0007605552673339844	0.19501396411725616	1000
1	0.0032830238342285156	0.21384593205683614	10000
1	0.028641223907470703	0.18952627634102465	100000
1	0.24698543548583984	0.1939305152399244	1000000
1	0.0005664825439453125	0.17787496196187547	100
1	0.0008273124694824219	0.2178048901684821	1000
1	0.0031905174255371094	0.1905352652539681	10000
1	0.028670787811279297	0.19155581726817508	100000
1	0.254608154296875	0.19209006836834358	1000000
1	0.0005497932434082031	0.1714327845074906	100
1	0.0010099411010742188	0.16784374514671405	1000
1	0.0031867027282714844	0.20232964301396136	10000
1	0.027680635452270508	0.19278883146107112	100000
1	0.25394558906555176	0.19139679540389845	1000000
1	0.0008895397186279297	0.11948586536276691	100
1	0.0012178421020507812	0.22914988896069718	1000
1	0.004495859146118164	0.1826027194312593	10000
1	0.030631542205810547	0.19087996707277324	100000
1	0.25560712814331055	0.1922863557847865	1000000
1	0.0007183551788330078	0.12754240037342612	100
1	0.0007529258728027344	0.21563759510565766	1000
1	0.0033981800079345703	0.2016786042014648	10000
1	0.030544757843017578	0.19037795337603478	100000
1	0.2483971118927002	0.19341080426481283	1000000
1	0.0006539821624755859	0.2224368946437094	100
1	0.0012619495391845703	0.18769095474127123	1000
1	0.002916097640991211	0.18112282025330506	10000
1	0.029027462005615234	0.19184990038823868	100000
1	0.2598607540130615	0.1921132079708457	1000000
1	0.0005784034729003906	0.26540772856569667	100
1	0.0008258819580078125	0.18607541625555848	1000
1	0.004118204116821289	0.20175339527302316	10000
1	0.0280759334564209	0.1923870872803933	100000
1	0.2505784034729004	0.19199952031654785	1000000
1	0.0006489753723144531	0.1534437287936348	100
1	0.0011682510375976562	0.168776925860892	1000
1	0.004101991653442383	0.1887064985088097	10000
1	0.029380321502685547	0.19361857703652105	100000
1	0.2474055290222168	0.1929465387812294	1000000
1	0.0006117820739746094	0.14898164360476418	100
1	0.0007641315460205078	0.21591764645955572	1000
1	0.003129720687866211	0.1888594003069867	10000
1	0.027791500091552734	0.19129310168647237	100000
1	0.2481834888458252	0.19388753964390698	1000000
1	0.0006263256072998047	0.19229109305429826	100
1	0.0007832050323486328	0.1657405146668485	1000
1	0.003656625747680664	0.20803029338056636	10000
1	0.02800607681274414	0.1898643569156818	100000
1	0.260056734085083	0.19280184267556813	1000000
1	0.0005431175231933594	0.24635906976873911	100
1	0.0007870197296142578	0.14997519734353282	1000
1	0.0030481815338134766	0.18724591644902602	10000
1	0.029785871505737305	0.1931509676236494	100000
1	0.250654935836792	0.19223712816802546	1000000
1	0.0006022453308105469	0.19238376007696378	100
1	0.000789642333984375	0.20903789960330224	1000
1	0.0029535293579101562	0.19519304741633775	10000
1	0.03128337860107422	0.19327825015449865	100000
1	0.26743292808532715	0.19287982825570285	1000000
1	0.0006306171417236328	0.355804134494792	100
1	0.0007603168487548828	0.24069429218605598	1000
1	0.002774953842163086	0.1967296698222586	10000
1	0.027409076690673828	0.1933767429908374	100000
1	0.24589252471923828	0.1922586026547075	1000000
1	0.0005977153778076172	0.2665157062863667	100
1	0.0008363723754882812	0.24968362600921448	1000
1	0.0031919479370117188	0.19310175360543344	10000
1	0.02656865119934082	0.1890215523371187	100000
1	0.24980473518371582	0.19187365696994588	1000000
1	0.0006041526794433594	0.17189839130861473	100
1	0.0007219314575195312	0.1985804403985468	1000
1	0.002816915512084961	0.19982022921414824	10000
1	0.030031919479370117	0.19119738383099338	100000
1	0.2741847038269043	0.19195726188772977	1000000
1	0.0005710124969482422	0.1773738234066894	100
1	0.0007834434509277344	0.19163579955790785	1000
1	0.00284576416015625	0.19325757858517695	10000
1	0.02817702293395996	0.19877079012005652	100000
1	0.24716734886169434	0.19291439729330065	1000000
1	0.0005843639373779297	0.13864800969528912	100
1	0.0007350444793701172	0.18660966948295474	1000
1	0.0032930374145507812	0.1852225356436997	10000
1	0.02696084976196289	0.19331211074548002	100000
1	0.2413032054901123	0.19434502634205952	1000000
1	0.0005712509155273438	0.16473241846694017	100
1	0.0013103485107421875	0.210702861456679	1000
1	0.003406047821044922	0.1936873811167415	10000
1	0.026814699172973633	0.193059536872078	100000
1	0.24010443687438965	0.192803583437406	1000000
1	0.0005893707275390625	0.200652001803697	100
1	0.0010645389556884766	0.19590960647344702	1000
1	0.003047466278076172	0.1957675285356918	10000
1	0.02985978126525879	0.19292620261203555	100000
1	0.2434861660003662	0.19425608392215993	1000000
1	0.0005829334259033203	0.2533038274989861	100
1	0.0009076595306396484	0.22229978815862111	1000
1	0.0029900074005126953	0.1874523683984063	10000
1	0.028081178665161133	0.19333406116993884	100000
1	0.25066685676574707	0.19379871900032342	1000000
1	0.00055694580078125	0.2233829499624338	100
1	0.0009665489196777344	0.19798705857395538	1000
1	0.002845287322998047	0.19217098637874627	10000
1	0.02966165542602539	0.1934610540089353	100000
1	0.2410111427307129	0.19288469674839426	1000000
1	0.0007147789001464844	0.20078653945814257	100
1	0.0007615089416503906	0.23497754414901217	1000
1	0.0037078857421875	0.1962597325456298	10000
1	0.028669357299804688	0.2073293928278928	100000
1	0.2417593002319336	0.19406872050945015	1000000
1	0.0005691051483154297	0.13446636010254223	100
1	0.0007889270782470703	0.22399441956891789	1000
1	0.0029599666595458984	0.19169628812900563	10000
1	0.028716325759887695	0.18807139155315372	100000
1	0.24190640449523926	0.193695252211141	1000000
1	0.0005855560302734375	0.30928316377672666	100
1	0.0010218620300292969	0.23183268198481258	1000
1	0.0028035640716552734	0.19402995193766295	10000
1	0.027658939361572266	0.19444416226299951	100000
1	0.24545764923095703	0.19234074033176685	1000000
1	0.0005509853363037109	0.2301634583564901	100
1	0.0008111000061035156	0.18368701814664365	1000
1	0.002986907958984375	0.17555572013230278	10000
1	0.026389598846435547	0.19933551171503522	100000
1	0.23947620391845703	0.19384566128851144	1000000
1	0.0008323192596435547	0.12959003734169447	100
1	0.0008771419525146484	0.2257709756548922	1000
1	0.002886056900024414	0.1900965813646423	10000
1	0.027271747589111328	0.19168858087052676	100000
1	0.24104571342468262	0.19183833817785503	1000000
1	0.0005831718444824219	0.17379519241742006	100
1	0.0008358955383300781	0.22331228222483002	1000
1	0.003308534622192383	0.19952180818042314	10000
1	0.02729654312133789	0.19135937127045843	100000
1	0.24203133583068848	0.1928023825475701	1000000
1	0.0005509853363037109	0.1592212901829501	100
1	0.0007944107055664062	0.20907151977817617	1000
1	0.0028579235076904297	0.19783907463822548	10000
1	0.027562856674194336	0.19579552985440277	100000
1	0.25914955139160156	0.1914370183283786	1000000
1	0.0009157657623291016	0.19464777134211758	100
1	0.0008177757263183594	0.2022692847809734	1000
1	0.0028781890869140625	0.17737588080532246	10000
1	0.027570247650146484	0.18826995339547073	100000
1	0.24336576461791992	0.1926130492194862	1000000
1	0.000576019287109375	0.15908954600298303	100
1	0.0008335113525390625	0.17389639584610356	1000
1	0.0028514862060546875	0.2001127235277959	10000
1	0.028246402740478516	0.1923880561019531	100000
1	0.24143600463867188	0.1926869793801839	1000000
1	0.0005612373352050781	0.10249097311604853	100
1	0.0007476806640625	0.1841814042038789	1000
1	0.002992391586303711	0.19214345331428404	10000
1	0.028303861618041992	0.193890973917673	100000
1	0.23828911781311035	0.19156678298087235	1000000
1	0.0006022453308105469	0.1700761745057522	100
1	0.0011873245239257812	0.20320704889977825	1000
1	0.0029845237731933594	0.1943569052624754	10000
1	0.02787947654724121	0.1962098164257287	100000
1	0.24416613578796387	0.1919211599934255	1000000
1	0.0007467269897460938	0.17603509297829592	100
1	0.0007874965667724609	0.15901938247703956	1000
1	0.003956794738769531	0.19837465296731424	10000
1	0.02867579460144043	0.19441440213728584	100000
1	0.23775410652160645	0.19458671081933912	1000000
1	0.0007185935974121094	0.19982382500899848	100
1	0.0011639595031738281	0.20970537210592022	1000
1	0.003093242645263672	0.19449176395815765	10000
1	0.027469635009765625	0.18789102715978914	100000
1	0.2453010082244873	0.19389649147903265	1000000
1	0.0006189346313476562	0.12520413238479727	100
1	0.0008592605590820312	0.2801315708056609	1000
1	0.003559112548828125	0.19897685856643976	10000
1	0.028345346450805664	0.19180313008427557	100000
1	0.25301289558410645	0.1923126918511075	1000000
1	0.0005517005920410156	0.17931663728311883	100
1	0.0008320808410644531	0.22211748107106483	1000
1	0.0030710697174072266	0.17704144436888908	10000
1	0.027142047882080078	0.1974097637978621	100000
1	0.2541534900665283	0.19243803114102076	1000000
1	0.0005648136138916016	0.20067226524442483	100
1	0.0007517337799072266	0.19287599790295398	1000
1	0.002862215042114258	0.20082992823131252	10000
1	0.02633523941040039	0.19624966740357122	100000
1	0.2457900047302246	0.19486299249872743	1000000
1	0.0005280971527099609	0.1680095298487033	100
1	0.0008456707000732422	0.23444846877230885	1000
1	0.0033416748046875	0.20380709049265638	10000
1	0.029897689819335938	0.19592750180335766	100000
1	0.2471146583557129	0.19270589267772206	1000000
1	0.0005817413330078125	0.17049058826409008	100
1	0.0008080005645751953	0.18893995707310426	1000
1	0.002972841262817383	0.1830619693665435	10000
1	0.027637958526611328	0.19118750120069436	100000
1	0.2527809143066406	0.19252815262000744	1000000
1	0.0005328655242919922	0.15371179545726504	100
1	0.0007412433624267578	0.19958824288761323	1000
1	0.002829313278198242	0.19292143907299247	10000
1	0.02739405632019043	0.1938910589095482	100000
1	0.24348664283752441	0.19246015249586199	1000000
1	0.0008993148803710938	0.23770440958815806	100
1	0.0007891654968261719	0.16770517548556674	1000
1	0.0027799606323242188	0.1948864007612961	10000
1	0.02709794044494629	0.19289667977614058	100000
1	0.27408909797668457	0.19115488426938276	1000000
1	0.0005414485931396484	0.11390127152737894	100
1	0.0010540485382080078	0.2343069554996894	1000
1	0.0034406185150146484	0.17962508785131906	10000
1	0.028369665145874023	0.191047606681214	100000
1	0.249281644821167	0.1944839274971098	1000000
1	0.0005815029144287109	0.2184554627494157	100
1	0.0008699893951416016	0.1644789565075996	1000
1	0.0031702518463134766	0.2021533445520319	10000
1	0.02933478355407715	0.19302528433929092	100000
1	0.24785232543945312	0.19311351926272718	1000000
1	0.0005927085876464844	0.19167506526801464	100
1	0.0008654594421386719	0.16278571428572564	1000
1	0.003484964370727539	0.19696288968652628	10000
1	0.028673410415649414	0.19249505009099233	100000
1	0.25034356117248535	0.1949184757069788	1000000
1	0.0006844997406005859	0.4532621574587515	100
1	0.0010216236114501953	0.15397613495988202	1000
1	0.0030863285064697266	0.18924250266529716	10000
1	0.029612064361572266	0.19304517396134654	100000
1	0.2461705207824707	0.1920740488367878	1000000
1	0.0005552768707275391	0.13543628192244744	100
1	0.0007987022399902344	0.16240660189388623	1000
1	0.0028302669525146484	0.20643176048576634	10000
1	0.026531696319580078	0.19142036498844314	100000
1	0.2532804012298584	0.1923751066259736	1000000
1	0.0008690357208251953	0.12748380287631844	100
1	0.0007340908050537109	0.1473110798209637	1000
1	0.003307342529296875	0.18944922150320073	10000
1	0.02995133399963379	0.19106041860657133	100000
1	0.2518153190612793	0.19335516781052015	1000000
1	0.00055694580078125	0.18437459622454855	100
1	0.0009500980377197266	0.18099281846071086	1000
1	0.0030808448791503906	0.18236013436048748	10000
1	0.027457237243652344	0.19072863661744244	100000
1	0.2410883903503418	0.19300572255462412	1000000
1	0.0005435943603515625	0.1863754172702489	100
1	0.0010712146759033203	0.20265474823171944	1000
1	0.003200054168701172	0.19107060040106394	10000
1	0.02769947052001953	0.1925718590121042	100000
1	0.28963780403137207	0.19209657709694672	1000000
1	0.0007658004760742188	0.21537494641313443	100
1	0.000743865966796875	0.19181322183528307	1000
1	0.004576683044433594	0.1801048127457043	10000
1	0.028548479080200195	0.19449496150609877	100000
1	0.244126558303833	0.1935778797969537	1000000
1	0.0008518695831298828	0.15595434036623781	100
1	0.0011284351348876953	0.18722219844409896	1000
1	0.0031201839447021484	0.184827240962778	10000
1	0.029065608978271484	0.19398966008197885	100000
1	0.2477726936340332	0.1934187870938832	1000000
1	0.0007126331329345703	0.2322979778768333	100
1	0.0008776187896728516	0.22355251559160771	1000
1	0.0032744407653808594	0.20486856375643184	10000
1	0.02929210662841797	0.18845604068616068	100000
1	0.24414873123168945	0.19106267265182925	1000000
1	0.0005290508270263672	0.10807860777007237	100
1	0.0011897087097167969	0.16315821040876677	1000
1	0.0028815269470214844	0.19661162894686549	10000
1	0.027948379516601562	0.18892926253435308	100000
1	0.23695969581604004	0.19387084093094234	1000000
1	0.0005600452423095703	0.10491780026256653	100
1	0.0008304119110107422	0.22045922591546036	1000
1	0.0030388832092285156	0.1937869109840211	10000
1	0.027532577514648438	0.19469015253713617	100000
1	0.2443981170654297	0.19290151611481257	1000000
1	0.0008099079132080078	0.32860011021310515	100
1	0.0010416507720947266	0.21680538010577932	1000
1	0.003718852996826172	0.18541406292269236	10000
1	0.028403759002685547	0.18931100057157735	100000
1	0.25548791885375977	0.1937075266839396	1000000
1	0.0005342960357666016	0.15766961893621617	100
1	0.0007617473602294922	0.17200059410237814	1000
1	0.00393223762512207	0.20102376498520375	10000
1	0.027416229248046875	0.19738864017662003	100000
1	0.24528932571411133	0.19439604728221482	1000000
1	0.0005590915679931641	0.4348737830174701	100
1	0.0007507801055908203	0.17837509190314038	1000
1	0.002774477005004883	0.18726446458062582	10000
1	0.029511213302612305	0.2001552374405399	100000
1	0.24214553833007812	0.19409847119540172	1000000
1	0.0005719661712646484	0.26944415976487995	100
1	0.0007529258728027344	0.21148807588588922	1000
1	0.002895832061767578	0.20356844006528937	10000
1	0.02890491485595703	0.19657612357927118	100000
1	0.24889421463012695	0.1918029631270961	1000000
1	0.0007915496826171875	0.1400768811060501	100
1	0.0008761882781982422	0.18506852459290551	1000
1	0.0029277801513671875	0.19206591953099794	10000
1	0.02614903450012207	0.1921944686920732	100000
1	0.2504236698150635	0.19219528792264964	1000000
1	0.0005919933319091797	0.14025167127727786	100
1	0.0007548332214355469	0.1956046804697	1000
1	0.003361225128173828	0.1898353442863225	10000
1	0.026888132095336914	0.193315997001429	100000
1	0.24997568130493164	0.19226039403128276	1000000
1	0.0006237030029296875	0.5192886057105975	100
1	0.0007655620574951172	0.20999596141991075	1000
1	0.0031616687774658203	0.1927908438658326	10000
1	0.027751684188842773	0.19378403894331125	100000
1	0.24678707122802734	0.19047099636325682	1000000
1	0.000537872314453125	0.26676321639572703	100
1	0.0007522106170654297	0.19846794106224216	1000
1	0.0027768611907958984	0.2065560288101919	10000
1	0.02910757064819336	0.19526882976136317	100000
1	0.2442162036895752	0.19236783138188596	1000000
1	0.0007731914520263672	0.26384937243448514	100
1	0.0008056163787841797	0.2435010339574243	1000
1	0.002833127975463867	0.1863288384139608	10000
1	0.026849031448364258	0.19281862023807286	100000
1	0.2447056770324707	0.19286481756775906	1000000
1	0.0005447864532470703	0.20471034857006148	100
1	0.0009562969207763672	0.21622074171410968	1000
1	0.003137350082397461	0.2101369685113199	10000
1	0.027135610580444336	0.1976550314356259	100000
1	0.25073719024658203	0.1919828480232402	1000000
1	0.0006074905395507812	0.1517895856525638	100
1	0.000858306884765625	0.1832134744322491	1000
1	0.003409147262573242	0.2068451922864351	10000
1	0.03017449378967285	0.19371515354970004	100000
1	0.23935413360595703	0.19207493031761103	1000000
1	0.0005731582641601562	0.2227973528098736	100
1	0.0008006095886230469	0.18579958164609317	1000
1	0.0028624534606933594	0.20916453159957824	10000
1	0.027904987335205078	0.19482536479289145	100000
1	0.24758696556091309	0.1937013434139935	1000000
1	0.0008008480072021484	0.1367078629273781	100
1	0.0008637905120849609	0.13380137053443866	1000
1	0.003763437271118164	0.1845460657615871	10000
1	0.027042865753173828	0.19243429967856127	100000
1	0.2471446990966797	0.1925675991778372	1000000
1	0.0006494522094726562	0.12984887171553416	100
1	0.0008249282836914062	0.19221858229909766	1000
1	0.0034148693084716797	0.1755251288913512	10000
1	0.029865264892578125	0.19349799055607192	100000
1	0.23707127571105957	0.1935084370110424	1000000
1	0.0007295608520507812	0.1413668440377631	100
1	0.0008215904235839844	0.19184186992147398	1000
1	0.0030832290649414062	0.17950642876617742	10000
1	0.026175498962402344	0.18980852391488906	100000
1	0.24683809280395508	0.1919662858594047	1000000
1	0.0005686283111572266	0.2243363250416314	100
1	0.0008249282836914062	0.21917893836383273	1000
1	0.0030059814453125	0.20363711726011277	10000
1	0.027739286422729492	0.19417949841254808	100000
1	0.24667620658874512	0.19217562547063588	1000000
1	0.0006248950958251953	0.2432414781638641	100
1	0.0007710456848144531	0.17915109259991627	1000
1	0.0029764175415039062	0.1857123913667367	10000
1	0.029706478118896484	0.19301700780915818	100000
1	0.24967265129089355	0.19250533320223667	1000000
1	0.0005474090576171875	0.24165218590598841	100
1	0.0008816719055175781	0.23089320702870758	1000
1	0.002741575241088867	0.19344706623862204	10000
1	0.028435945510864258	0.18934021235778106	100000
1	0.24162006378173828	0.1921430078460351	1000000
1	0.0006272792816162109	0.18523320965046966	100
1	0.0008206367492675781	0.18798831267846342	1000
1	0.003055095672607422	0.18220832976471962	10000
1	0.026926755905151367	0.1953423724008291	100000
1	0.2418537139892578	0.19330482272897503	1000000
1	0.0005931854248046875	0.21224745550246849	100
1	0.0008323192596435547	0.1776932553461765	1000
1	0.0031630992889404297	0.18624631892380814	10000
1	0.02817511558532715	0.19165514555661423	100000
1	0.24431967735290527	0.1924329185269436	1000000
1	0.0008425712585449219	0.09996477561583697	100
1	0.0007660388946533203	0.19166262760013544	1000
1	0.0027925968170166016	0.19409951483300583	10000
1	0.026247501373291016	0.19369306450816112	100000
1	0.2508883476257324	0.1926995109067205	1000000
1	0.000598907470703125	0.17221296935336494	100
1	0.000850677490234375	0.18710436155830787	1000
1	0.003138303756713867	0.19848025279150788	10000
1	0.030314922332763672	0.19681492599427136	100000
1	0.24383950233459473	0.19465621268853087	1000000
1	0.0006372928619384766	0.16339774010062796	100
1	0.0008189678192138672	0.16749979968531858	1000
1	0.0029075145721435547	0.17841615305547037	10000
1	0.026896238327026367	0.19739072200092098	100000
1	0.24427461624145508	0.19393955035056265	1000000
1	0.0005919933319091797	0.3234652236519587	100
1	0.0007979869842529297	0.2133727717159772	1000
1	0.0027685165405273438	0.1975598046160265	10000
1	0.027160167694091797	0.18970452875885155	100000
1	0.23889803886413574	0.19289947015192627	1000000
1	0.0005319118499755859	0.12428456545091558	100
1	0.0012886524200439453	0.19980796362027042	1000
1	0.0028350353240966797	0.1868018714719418	10000
1	0.02749490737915039	0.19469038546494816	100000
1	0.2445213794708252	0.19323108200207517	1000000
1	0.0005927085876464844	0.1642842213532683	100
1	0.0009908676147460938	0.19128051426399317	1000
1	0.0034837722778320312	0.20984452599941678	10000
1	0.029300212860107422	0.19264945538697884	100000
1	0.26602816581726074	0.1935491722573532	1000000
1	0.0009140968322753906	0.24551702037306133	100
1	0.0007359981536865234	0.1984778214502361	1000
1	0.0028760433197021484	0.19488758531704134	10000
1	0.027406930923461914	0.1905183319471417	100000
1	0.2454242706298828	0.19446001739798097	1000000
1	0.0005202293395996094	0.1451530193427164	100
1	0.0008721351623535156	0.1648750488281524	1000
1	0.0030143260955810547	0.20187568266665573	10000
1	0.026865005493164062	0.19331859024259043	100000
1	0.24561762809753418	0.19242125897542497	1000000
1	0.0005528926849365234	0.220960053245531	100
1	0.0008971691131591797	0.21699832987725398	1000
1	0.003828763961791992	0.19341365079649753	10000
1	0.027354717254638672	0.19038766710935198	100000
1	0.23851251602172852	0.19281670521855143	1000000
1	0.0005888938903808594	0.23517028059244002	100
1	0.0011410713195800781	0.16766047005300494	1000
1	0.002855062484741211	0.19004420541232242	10000
1	0.0278933048248291	0.19369170029498048	100000
1	0.24002695083618164	0.19396257070008976	1000000
1	0.0005795955657958984	0.2144196672995983	100
1	0.0008389949798583984	0.25058399833782397	1000
1	0.0027954578399658203	0.189948924300383	10000
1	0.030624866485595703	0.19374287072435586	100000
1	0.2409656047821045	0.19248375975716558	1000000
1	0.0007455348968505859	0.2012649233299612	100
1	0.0007245540618896484	0.21982788090835034	1000
1	0.0029065608978271484	0.19582330532997072	10000
1	0.027840852737426758	0.19685695079508747	100000
1	0.24719834327697754	0.19199603348022776	1000000
1	0.0006213188171386719	0.17884890515470733	100
1	0.0007994174957275391	0.14895371026233825	1000
1	0.0030024051666259766	0.2071780133844763	10000
1	0.028493404388427734	0.19140026474640387	100000
1	0.24954843521118164	0.1910149752249732	1000000
1	0.000537872314453125	0.16744549217390114	100
1	0.0008602142333984375	0.17993884977223268	1000
1	0.0027599334716796875	0.1961078650817197	10000
1	0.029463529586791992	0.19338367064558232	100000
1	0.2437734603881836	0.19408791261057848	1000000
1	0.0008237361907958984	0.18316783744496287	100
1	0.00092315673828125	0.22561922930137784	1000
1	0.002921581268310547	0.1820930515852707	10000
1	0.029959917068481445	0.19337077131749003	100000
1	0.24493908882141113	0.1916905346007298	1000000
1	0.0006735324859619141	0.13750732412595013	100
1	0.0010266304016113281	0.1697307717412141	1000
1	0.003201723098754883	0.1834882790250424	10000
1	0.029881000518798828	0.19177941985404098	100000
1	0.24722814559936523	0.19105061168551232	1000000
2	0.0007786750793457031	0.08798098568565399	100
2	0.05848360061645508	0.19269896121089297	1000
2	0.03396773338317871	0.1787376989135308	10000
2	0.014893293380737305	0.1917285065327633	100000
2	0.1465768814086914	0.19184180019154007	1000000
2	0.0010116100311279297	0.22600910912959846	100
2	0.0012066364288330078	0.1820056633794485	1000
2	0.0025644302368164062	0.18004700021218534	10000
2	0.018070697784423828	0.19091070171045682	100000
2	0.14869046211242676	0.19287906533951257	1000000
2	0.0009219646453857422	0.10129519661917002	100
2	0.000989675521850586	0.20774000584579244	1000
2	0.011229753494262695	0.20347831944630734	10000
2	0.04120755195617676	0.1903434384058572	100000
2	0.2213585376739502	0.19256247154280856	1000000
2	0.03638267517089844	0.16162687916046792	100
2	0.0008807182312011719	0.1992979089942527	1000
2	0.01789093017578125	0.18304153795399747	10000
2	0.022315025329589844	0.1871611957217057	100000
2	0.1525406837463379	0.19306863725980747	1000000
2	0.0006656646728515625	0.08305202622977947	100
2	0.0046443939208984375	0.1950702430829127	1000
2	0.0024597644805908203	0.20318056466287202	10000
2	0.0733189582824707	0.19433357074661167	100000
2	0.18756699562072754	0.1922531611687665	1000000
2	0.0009400844573974609	0.23372423796704644	100
2	0.0008325576782226562	0.1696791251039077	1000
2	0.002763509750366211	0.18601836609349653	10000
2	0.06063723564147949	0.19323229777305478	100000
2	0.2120954990386963	0.19267005236805673	1000000
2	0.021936893463134766	0.1210955562278682	100
2	0.0010600090026855469	0.15572052440259193	1000
2	0.03672170639038086	0.20139430545817444	10000
2	0.015971660614013672	0.19624785491426316	100000
2	0.1524803638458252	0.1915964677472176	1000000
2	0.0010597705841064453	0.08868775119372677	100
2	0.03612017631530762	0.21405067534683844	1000
2	0.003610849380493164	0.19673503641486662	10000
2	0.022794485092163086	0.1965383336958711	100000
2	0.14861106872558594	0.19364448414593052	1000000
2	0.03699541091918945	0.17546998113359927	100
2	0.008435964584350586	0.17286620348949472	1000
2	0.0018565654754638672	0.1826768508462595	10000
2	0.019053936004638672	0.1927556232308565	100000
2	0.1421349048614502	0.19165105420095796	1000000
2	0.010099172592163086	0.12159420729566243	100
2	0.0816049575805664	0.20601931627837777	1000
2	0.0020172595977783203	0.19703537476960947	10000
2	0.039422035217285156	0.19202784793861208	100000
2	0.14353632926940918	0.1932642250606057	1000000
2	0.038725852966308594	0.26768618743099826	100
2	0.0011358261108398438	0.18281242927423927	1000
2	0.0025582313537597656	0.20202465919353935	10000
2	0.0189208984375	0.1940416093486249	100000
2	0.14676308631896973	0.1928487505542605	1000000
2	0.0008752346038818359	0.1646734969907859	100
2	0.027788400650024414	0.19177150050739816	1000
2	0.0019865036010742188	0.1871045610743685	10000
2	0.029797792434692383	0.1951118081991841	100000
2	0.15843892097473145	0.1920245740920301	1000000
2	0.0010254383087158203	0.1368281568258798	100
2	0.016540050506591797	0.1981950424093966	1000
2	0.002772092819213867	0.1908720088469441	10000
2	0.013943195343017578	0.1925403443072792	100000
2	0.15234804153442383	0.19210156622927957	1000000
2	0.03552699089050293	0.12232559037757051	100
2	0.0007781982421875	0.19330012635746951	1000
2	0.05474972724914551	0.18364282553688288	10000
2	0.016167402267456055	0.19278118811506018	100000
2	0.1515369415283203	0.1915235928554533	1000000
2	0.028921127319335938	0.17235281080966006	100
2	0.003983020782470703	0.1705016652998969	1000
2	0.0026543140411376953	0.19262398611249565	10000
2	0.014001131057739258	0.1933798238427057	100000
2	0.14648675918579102	0.19292116779784657	1000000
2	0.03149890899658203	0.14320428389303713	100
2	0.017908096313476562	0.16498410959753657	1000
2	0.0023202896118164062	0.19422062063002285	10000
2	0.01888561248779297	0.19425528820658583	100000
2	0.1964094638824463	0.1931633624305708	1000000
2	0.0006840229034423828	0.18418236409237015	100
2	0.0012094974517822266	0.21096896569554502	1000
2	0.0025212764739990234	0.21488906416734993	10000
2	0.014352798461914062	0.19376017179574864	100000
2	0.18031525611877441	0.19258861801247712	1000000
2	0.031812191009521484	0.25984219000779707	100
2	0.0009818077087402344	0.17447523783110108	1000
2	0.002180337905883789	0.19860828144548998	10000
2	0.06862187385559082	0.1924695551449031	100000
2	0.17737770080566406	0.1927650834747709	1000000
2	0.030008792877197266	0.1506784002896956	100
2	0.0010600090026855469	0.15075453260354385	1000
2	0.05212688446044922	0.18168423212051488	10000
2	0.0798947811126709	0.19184384354370593	100000
2	0.14670372009277344	0.19375592784321743	1000000
2	0.0839698314666748	0.13693979870441275	100
2	0.0413210391998291	0.18913652143941823	1000
2	0.030506134033203125	0.19368190069335067	10000
2	0.014986515045166016	0.19180733587410478	100000
2	0.2051403522491455	0.19316747987411564	1000000
2	0.00089263916015625	0.2986481581748212	100
2	0.020327329635620117	0.14948609180759698	1000
2	0.02460479736328125	0.2031283915827256	10000
2	0.0334773063659668	0.19434134548917378	100000
2	0.18591737747192383	0.19346264540313707	1000000
2	0.0007839202880859375	0.1603450610595502	100
2	0.05425000190734863	0.2047959930565802	1000
2	0.0019516944885253906	0.18171380329247208	10000
2	0.017879962921142578	0.19308447716233923	100000
2	0.19295811653137207	0.19206299860958942	1000000
2	0.01859569549560547	0.2157034060986055	100
2	0.04943490028381348	0.17082011177139628	1000
2	0.0018608570098876953	0.18155026772563299	10000
2	0.03921198844909668	0.19262518647749938	100000
2	0.21472930908203125	0.1933501804180297	1000000
2	0.0007276535034179688	0.08442516646727284	100
2	0.0007884502410888672	0.2014695447190371	1000
2	0.0018970966339111328	0.19202730731647133	10000
2	0.06236600875854492	0.19015034650462195	100000
2	0.19269514083862305	0.19224313503349583	1000000
2	0.020653724670410156	0.1645834427244439	100
2	0.0009737014770507812	0.18601977776452594	1000
2	0.0048792362213134766	0.1879750221461587	10000
2	0.017333984375	0.1909570951172869	100000
2	0.17487263679504395	0.1914862011639964	1000000
2	0.05369210243225098	0.3411894962447056	100
2	0.0008227825164794922	0.18967100692272781	1000
2	0.04445958137512207	0.21524515275743195	10000
2	0.015538930892944336	0.19180128507059482	100000
2	0.15988993644714355	0.19201585212748618	1000000
2	0.042336463928222656	0.14279131946260287	100
2	0.020160913467407227	0.1764116362427178	1000
2	0.0018820762634277344	0.19382148360474696	10000
2	0.026812076568603516	0.19602096636841462	100000
2	0.20607614517211914	0.19341528074340913	1000000
2	0.016938447952270508	0.11500350344757984	100
2	0.0011625289916992188	0.1936769715882478	1000
2	0.03499174118041992	0.1946156687327446	10000
2	0.014384269714355469	0.19706728787358077	100000
2	0.17731952667236328	0.19113435888710112	1000000
2	0.021968603134155273	0.2537056851015453	100
2	0.030277252197265625	0.1728190101112012	1000
2	0.003650665283203125	0.19145129216203544	10000
2	0.015596151351928711	0.19139519617952797	100000
2	0.15680503845214844	0.19231226174799526	1000000
2	0.0006985664367675781	0.09633703643196292	100
2	0.004018068313598633	0.24123175415218331	1000
2	0.013313770294189453	0.18520977460855215	10000
2	0.04143810272216797	0.1888378429675378	100000
2	0.14422011375427246	0.19338385347197534	1000000
2	0.0636289119720459	0.14512225332790848	100
2	0.0010600090026855469	0.19527236419347732	1000
2	0.037375450134277344	0.19002076049053407	10000
2	0.01858806610107422	0.1935460663966772	100000
2	0.174605131149292	0.1925824743423301	1000000
2	0.03249025344848633	0.14706591613232473	100
2	0.000827789306640625	0.18092714023374967	1000
2	0.002908468246459961	0.17754091210104156	10000
2	0.04591798782348633	0.19486584795033085	100000
2	0.14611458778381348	0.1923654368067943	1000000
2	0.06729936599731445	0.2500172846537775	100
2	0.020917892456054688	0.1682831048728495	1000
2	0.0019404888153076172	0.1939501617070435	10000
2	0.04077601432800293	0.19074858903315406	100000
2	0.17462968826293945	0.19223878476227396	1000000
2	0.0007069110870361328	0.11707624944368725	100
2	0.0008034706115722656	0.1897189788729523	1000
2	0.0020270347595214844	0.19225226593172753	10000
2	0.014322042465209961	0.18934672933098667	100000
2	0.19375944137573242	0.19417181373842257	1000000
2	0.0011754035949707031	0.33818816446434424	100
2	0.03138542175292969	0.17356600915065162	1000
2	0.002374410629272461	0.1906345334795084	10000
2	0.060394287109375	0.19861539058163363	100000
2	0.15500831604003906	0.19172721058596257	1000000
2	0.000705718994140625	0.15580146930151068	100
2	0.01714015007019043	0.17684631186327737	1000
2	0.0019102096557617188	0.1978128031349011	10000
2	0.015110969543457031	0.1934306913833289	100000
2	0.14731788635253906	0.1923629507829463	1000000
2	0.04574298858642578	0.19209668133081972	100
2	0.0014467239379882812	0.18414619939127996	1000
2	0.0018665790557861328	0.18651543487527356	10000
2	0.03487873077392578	0.18897247876390133	100000
2	0.14316868782043457	0.19259020881794664	1000000
2	0.05379080772399902	0.11766460695471626	100
2	0.0009953975677490234	0.15812641117630472	1000
2	0.012902259826660156	0.19480148105706416	10000
2	0.02974390983581543	0.19273635329488692	100000
2	0.1817493438720703	0.19266077622871552	1000000
2	0.0009014606475830078	0.17570631815216864	100
2	0.0007891654968261719	0.22225456045942715	1000
2	0.0023505687713623047	0.20048769360314284	10000
2	0.015302896499633789	0.18914540199214924	100000
2	0.1563117504119873	0.19379515750933007	1000000
2	0.03883814811706543	0.12015284231625692	100
2	0.0010476112365722656	0.14517185390151743	1000
2	0.002468109130859375	0.19979491152844125	10000
2	0.013827323913574219	0.19336454434854103	100000
2	0.14884662628173828	0.19381602771397402	1000000
2	0.015215635299682617	0.17866733719214323	100
2	0.0008199214935302734	0.1922015202784541	1000
2	0.0019135475158691406	0.20470493034559337	10000
2	0.0546116828918457	0.1967211872112117	100000
2	0.15992975234985352	0.1927759401044335	1000000
2	0.00683283805847168	0.15651787323498706	100
2	0.021958112716674805	0.1783228180421109	1000
2	0.0026426315307617188	0.198435205165106	10000
2	0.019038677215576172	0.19127307164814564	100000
2	0.19012665748596191	0.19371826213183063	1000000
2	0.000713348388671875	0.40075435999623565	100
2	0.0010447502136230469	0.15905648095333524	1000
2	0.010357856750488281	0.17480402512751073	10000
2	0.018126487731933594	0.19312589215104858	100000
2	0.15404963493347168	0.19281524715528428	1000000
2	0.04100155830383301	0.27680680198544194	100
2	0.045357704162597656	0.1787414469431386	1000
2	0.0025022029876708984	0.18632069409980148	10000
2	0.018940448760986328	0.192342436804592	100000
2	0.1761472225189209	0.19264159174723117	1000000
2	0.009952306747436523	0.20621688852617542	100
2	0.03936290740966797	0.18495248026078534	1000
2	0.002126455307006836	0.20459129119426228	10000
2	0.044321537017822266	0.19119870350716262	100000
2	0.14753460884094238	0.19235773876426515	1000000
2	0.03923630714416504	0.18661955205868058	100
2	0.023174285888671875	0.17724987597516667	1000
2	0.009804010391235352	0.19527333281929582	10000
2	0.020701169967651367	0.19334805227114088	100000
2	0.20802664756774902	0.19240215105535172	1000000
2	0.043740272521972656	0.18912596567299073	100
2	0.014289617538452148	0.16865299152616803	1000
2	0.004075288772583008	0.19002854674836306	10000
2	0.06598663330078125	0.1907027266576685	100000
2	0.17637324333190918	0.1931624278945125	1000000
2	0.003932476043701172	0.17942709761553055	100
2	0.0008378028869628906	0.17872868354458468	1000
2	0.0021796226501464844	0.19083509348231326	10000
2	0.014577150344848633	0.19644826671459514	100000
2	0.14925217628479004	0.19207592066748927	1000000
2	0.05241560935974121	0.25200227733077907	100
2	0.002573728561401367	0.16033104460974384	1000
2	0.0537106990814209	0.2061320581857063	10000
2	0.01521444320678711	0.19054303156708483	100000
2	0.2134411334991455	0.19374054704773508	1000000
2	0.0008499622344970703	0.3360750002059013	100
2	0.03405022621154785	0.19305154762616847	1000
2	0.0402376651763916	0.19245079223739642	10000
2	0.04914283752441406	0.19415747346695988	100000
2	0.15724945068359375	0.19345327265181017	1000000
2	0.03762388229370117	0.21751206440176063	100
2	0.003892660140991211	0.1898923540708377	1000
2	0.037812232971191406	0.1806799360126934	10000
2	0.016118764877319336	0.19125824940208544	100000
2	0.1735384464263916	0.19236858607227808	1000000
2	0.061301469802856445	0.1536916633605412	100
2	0.0008141994476318359	0.1886162458965332	1000
2	0.001832723617553711	0.18949852754736646	10000
2	0.01650094985961914	0.19616008801742282	100000
2	0.20030641555786133	0.19276483014724138	1000000
2	0.06477165222167969	0.12542619389796253	100
2	0.0010683536529541016	0.18945931913230296	1000
2	0.0018427371978759766	0.20347399101750882	10000
2	0.014497756958007812	0.19232177065196215	100000
2	0.1529221534729004	0.19299920325488434	1000000
2	0.0010228157043457031	0.2691392257985099	100
2	0.07173275947570801	0.20232380729814592	1000
2	0.03351998329162598	0.18602468859276328	10000
2	0.016675233840942383	0.19493977938592488	100000
2	0.1480720043182373	0.19303602187120034	1000000
2	0.014662027359008789	0.19495314526596808	100
2	0.000978708267211914	0.2067154601134088	1000
2	0.003015756607055664	0.18791800474303483	10000
2	0.06935286521911621	0.1918878064078558	100000
2	0.17299509048461914	0.19311958775475302	1000000
2	0.007898569107055664	0.24031759153661403	100
2	0.04258871078491211	0.15432016685537164	1000
2	0.0023899078369140625	0.19401071307222162	10000
2	0.01879286766052246	0.19042392215690263	100000
2	0.14507532119750977	0.1940085613423862	1000000
2	0.0008821487426757812	0.18507002493506736	100
2	0.0008831024169921875	0.1721063070352989	1000
2	0.0028226375579833984	0.1864104875194269	10000
2	0.01587820053100586	0.19425888343339892	100000
2	0.13931536674499512	0.19131265837161265	1000000
2	0.0006923675537109375	0.17242376775101592	100
2	0.03937792778015137	0.17360024132074853	1000
2	0.002540111541748047	0.20631483628010408	10000
2	0.06866908073425293	0.19548294733971666	100000
2	0.14392423629760742	0.19275523470914763	1000000
2	0.0009634494781494141	0.2329339278198426	100
2	0.020150184631347656	0.1849785283755001	1000
2	0.009890079498291016	0.19543457294962935	10000
2	0.01768183708190918	0.19790741291145988	100000
2	0.14189839363098145	0.19265078882364328	1000000
2	0.0008497238159179688	0.1420639037848739	100
2	0.03440356254577637	0.1445863463386066	1000
2	0.001964569091796875	0.18018091862253197	10000
2	0.016562938690185547	0.18969973848684535	100000
2	0.1413426399230957	0.192945820879382	1000000
2	0.0006797313690185547	0.16259436800356047	100
2	0.006476640701293945	0.15896840987442112	1000
2	0.06877851486206055	0.18690765606183735	10000
2	0.07161617279052734	0.19149033123106485	100000
2	0.22655153274536133	0.19260227214551434	1000000
2	0.0933523178100586	0.1781026444806751	100
2	0.04671478271484375	0.31124290130467075	1000
2	0.0018913745880126953	0.18570268065996068	10000
2	0.01529836654663086	0.19165802805210735	100000
2	0.16606497764587402	0.19287714272006276	1000000
2	0.0007321834564208984	0.2688850002006936	100
2	0.0010561943054199219	0.18130646298799752	1000
2	0.0031244754791259766	0.19288699353037758	10000
2	0.020606517791748047	0.19256990762388304	100000
2	0.14644694328308105	0.19262128314651172	1000000
2	0.0009281635284423828	0.1965507206895405	100
2	0.0026755332946777344	0.1726645147886221	1000
2	0.0023822784423828125	0.1876606753635795	10000
2	0.08669447898864746	0.19298721263507337	100000
2	0.17426300048828125	0.19353596175111903	1000000
2	0.028023958206176758	0.15024660420033323	100
2	0.07772207260131836	0.17054688942980747	1000
2	0.02928304672241211	0.19276124656999533	10000
2	0.02654266357421875	0.19082718437675705	100000
2	0.18283367156982422	0.19457840169195217	1000000
2	0.03177356719970703	0.17500263623087836	100
2	0.020508766174316406	0.21744619153816008	1000
2	0.024595022201538086	0.19732757679070562	10000
2	0.03037238121032715	0.19130645875287133	100000
2	0.2064831256866455	0.19194881328656124	1000000
2	0.0211029052734375	0.11562516605210299	100
2	0.03818774223327637	0.15507993535637843	1000
2	0.0024080276489257812	0.18967842493753628	10000
2	0.014906644821166992	0.1933952260213162	100000
2	0.19451045989990234	0.1931361486523252	1000000
2	0.0008478164672851562	0.11314269225986887	100
2	0.0007841587066650391	0.21785263188140294	1000
2	0.056224822998046875	0.18559201999880026	10000
2	0.01659560203552246	0.1922876653908011	100000
2	0.1443326473236084	0.19315259407502114	1000000
2	0.0008618831634521484	0.17051532087207238	100
2	0.0007967948913574219	0.19342442704669188	1000
2	0.007395744323730469	0.20168368060760802	10000
2	0.020712852478027344	0.19150119429205437	100000
2	0.14542698860168457	0.19110337225580093	1000000
2	0.0008268356323242188	0.15888247793072097	100
2	0.0008082389831542969	0.1850559668174674	1000
2	0.0020971298217773438	0.18599702549646552	10000
2	0.015236377716064453	0.19523736569912056	100000
2	0.20017027854919434	0.19414060288120172	1000000
2	0.0008068084716796875	0.3775574215655967	100
2	0.0010199546813964844	0.18296542581322184	1000
2	0.04759645462036133	0.19505302072178168	10000
2	0.018256187438964844	0.1878189387493243	100000
2	0.20306921005249023	0.19187447201633834	1000000
2	0.0610203742980957	0.24893574035619292	100
2	0.0009918212890625	0.17171402259268106	1000
2	0.0019369125366210938	0.1884293615841142	10000
2	0.04292941093444824	0.19163301992177012	100000
2	0.15253376960754395	0.1922377174290919	1000000
2	0.017461061477661133	0.22525555933544203	100
2	0.03550910949707031	0.23172246445479908	1000
2	0.03606462478637695	0.2039637463242719	10000
2	0.06066274642944336	0.19315667285330423	100000
2	0.19820785522460938	0.1927293840177583	1000000
2	0.0007278919219970703	0.1455298435995517	100
2	0.0010590553283691406	0.18398941432002314	1000
2	0.0019419193267822266	0.1992893763709816	10000
2	0.06028461456298828	0.19476140818631663	100000
2	0.15218901634216309	0.1923281112368847	1000000
2	0.015286684036254883	0.27328817150538726	100
2	0.0009207725524902344	0.18276221788122193	1000
2	0.040213823318481445	0.1934636081008531	10000
2	0.015618562698364258	0.19106808733456887	100000
2	0.1952674388885498	0.1930602684553982	1000000
2	0.017742156982421875	0.19080903028390395	100
2	0.0008916854858398438	0.218906712707565	1000
2	0.0019288063049316406	0.18855827082735183	10000
2	0.018858671188354492	0.1952575556203149	100000
2	0.1534123420715332	0.19300086277113387	1000000
2	0.03623557090759277	0.08427645354760926	100
2	0.0008258819580078125	0.17943906129837983	1000
2	0.05245637893676758	0.19940974323875726	10000
2	0.02362346649169922	0.19027724843541144	100000
2	0.17442560195922852	0.1924812421103545	1000000
2	0.010552406311035156	0.3824674468995233	100
2	0.0008671283721923828	0.18053429995631176	1000
2	0.0020897388458251953	0.1754091930051458	10000
2	0.016475439071655273	0.193092835754828	100000
2	0.1867661476135254	0.1916925310813224	1000000
2	0.0006799697875976562	0.43644414156040967	100
2	0.0008487701416015625	0.18049979091279592	1000
2	0.002084016799926758	0.20150465583755392	10000
2	0.014237642288208008	0.19512089790436285	100000
2	0.15280961990356445	0.19253399549334077	1000000
2	0.023904085159301758	0.19227830861632844	100
2	0.0008876323699951172	0.18817777696033028	1000
2	0.04161477088928223	0.18677999356907732	10000
2	0.018474102020263672	0.1937479661368729	100000
2	0.15944314002990723	0.19289025608377103	1000000
2	0.021278858184814453	0.15322009289099914	100
2	0.018413543701171875	0.170023934824719	1000
2	0.04902768135070801	0.2122415334237452	10000
2	0.016015291213989258	0.19347936883689448	100000
2	0.16708803176879883	0.19122792888740442	1000000
2	0.0010449886322021484	0.19514544889568097	100
2	0.0007884502410888672	0.21368544681698837	1000
2	0.0024704933166503906	0.18660890997905638	10000
2	0.014609813690185547	0.19096775959381815	100000
2	0.16213631629943848	0.19283402147371614	1000000
2	0.012525320053100586	0.09658906676503397	100
2	0.03418421745300293	0.19812322168412289	1000
2	0.0025284290313720703	0.2049312029893965	10000
2	0.06377553939819336	0.19359092179484072	100000
2	0.1457071304321289	0.19212261524164642	1000000
2	0.0007045269012451172	0.26593814881036604	100
2	0.0009660720825195312	0.19273317432157427	1000
2	0.051280975341796875	0.18966092052167371	10000
2	0.01636528968811035	0.1931571828155596	100000
2	0.19021892547607422	0.19256754351909844	1000000
2	0.04410958290100098	0.1595177282425574	100
2	0.001012563705444336	0.18579507827912223	1000
2	0.0025136470794677734	0.20412489742355838	10000
2	0.01679229736328125	0.196766262739286	100000
2	0.15055179595947266	0.19230039962778883	1000000
2	0.03289389610290527	0.16495617163575294	100
2	0.06819963455200195	0.2100938795706334	1000
2	0.015340328216552734	0.19473350780016385	10000
2	0.014301300048828125	0.19545414250505466	100000
2	0.1527566909790039	0.19257658796437033	1000000
2	0.0007154941558837891	0.17088046823411057	100
2	0.0011353492736816406	0.24333817617692205	1000
2	0.04869222640991211	0.20256149573167592	10000
2	0.016597509384155273	0.19110728231433022	100000
2	0.2188854217529297	0.19314715688548337	1000000
2	0.007482051849365234	0.25194157433986764	100
2	0.0011451244354248047	0.1660147595314226	1000
2	0.0018908977508544922	0.1851838218380028	10000
2	0.0169677734375	0.19467642109470934	100000
2	0.14622950553894043	0.19223185272367832	1000000
2	0.0009403228759765625	0.18904243970852713	100
2	0.0007829666137695312	0.223779894225065	1000
2	0.017183780670166016	0.20006715708638634	10000
2	0.06044173240661621	0.18785687809832766	100000
2	0.16703081130981445	0.19383784236889917	1000000
2	0.0007603168487548828	0.27291511716005235	100
2	0.02681732177734375	0.22684099750481596	1000
2	0.0227816104888916	0.19825362718566047	10000
2	0.014151573181152344	0.1966413781692729	100000
2	0.14557671546936035	0.1928725111335759	1000000
2	0.0007255077362060547	0.1327779188173021	100
2	0.03910636901855469	0.18413009829854843	1000
2	0.009427785873413086	0.1899168696019814	10000
2	0.0668797492980957	0.19364572047574063	100000
2	0.1457505226135254	0.19184791940430124	1000000
2	0.0006792545318603516	0.1589667620947572	100
2	0.02297186851501465	0.20249005231446898	1000
2	0.06714105606079102	0.17997479597106658	10000
2	0.01544952392578125	0.19369252424760025	100000
2	0.15154790878295898	0.192524059994705	1000000
2	0.0009024143218994141	0.17856300679684262	100
2	0.0008335113525390625	0.21042095530708727	1000
2	0.0019299983978271484	0.19163798365383813	10000
2	0.04618239402770996	0.19333790381457042	100000
2	0.1821913719177246	0.1938606203749381	1000000
2	0.03458738327026367	0.12885688634943404	100
2	0.03806877136230469	0.15936128481898876	1000
2	0.04766726493835449	0.18355306731021293	10000
2	0.027490615844726562	0.19358191901778718	100000
2	0.15161800384521484	0.1934837018580584	1000000
2	0.0008442401885986328	0.21503294630567507	100
2	0.0010666847229003906	0.1938368784974393	1000
2	0.023331165313720703	0.18390000560400951	10000
2	0.018087387084960938	0.1980049276539447	100000
2	0.14864397048950195	0.19279877417465183	1000000
2	0.029597997665405273	0.2073894500504727	100
2	0.0009276866912841797	0.21138243383109478	1000
2	0.043473243713378906	0.2033056430902328	10000
2	0.019939184188842773	0.1951453906594946	100000
2	0.240983247756958	0.19241957405148252	1000000
2	0.015857458114624023	0.12919685735220565	100
2	0.04303145408630371	0.16458384911877114	1000
2	0.021035194396972656	0.20568670366808456	10000
2	0.041956424713134766	0.1910311461404389	100000
2	0.1423182487487793	0.19235984412786333	1000000
2	0.05626392364501953	0.1955078547016389	100
2	0.0007798671722412109	0.25123397017182714	1000
2	0.0036153793334960938	0.19392001869352937	10000
2	0.015184402465820312	0.1951128284223429	100000
2	0.14019227027893066	0.1942749382542716	1000000
2	0.0008590221405029297	0.1929344543155741	100
2	0.013369083404541016	0.24815750457295038	1000
2	0.002777576446533203	0.18721072183833243	10000
2	0.05004692077636719	0.19528296315586352	100000
2	0.15760469436645508	0.19329436845630604	1000000
2	0.0062296390533447266	0.14688886604727916	100
2	0.008246660232543945	0.1653865545511377	1000
2	0.002096891403198242	0.19652139348918016	10000
2	0.02971172332763672	0.19754983548636723	100000
2	0.15999484062194824	0.19113492721192066	1000000
4	0.22856879234313965	0.1723016654997914	100
4	0.01976799964904785	0.22164996291526307	1000
4	0.09073853492736816	0.1931542107401208	10000
4	0.05825924873352051	0.19052322752248035	100000
4	0.26178455352783203	0.19221285293737556	1000000
4	0.20002388954162598	0.145493593650462	100
4	0.0010373592376708984	0.139002004655184	1000
4	0.003966331481933594	0.18545562991292208	10000
4	0.012223005294799805	0.19003327316485383	100000
4	0.2516465187072754	0.19378977176471418	1000000
4	0.06346392631530762	0.14939337728113067	100
4	0.0010120868682861328	0.1754006404955063	1000
4	0.026517868041992188	0.18005195622374381	10000
4	0.12386393547058105	0.18903403542578007	100000
4	0.2600734233856201	0.19361224522600282	1000000
4	0.07609415054321289	0.17580310175866393	100
4	0.1318833827972412	0.20049742617976643	1000
4	0.19466662406921387	0.18826698794621088	10000
4	0.022138357162475586	0.19594786494322705	100000
4	0.35582828521728516	0.19340734602467713	1000000
4	0.12482547760009766	0.3616169214385631	100
4	0.048523664474487305	0.25810598722340095	1000
4	0.10900115966796875	0.18476696861940045	10000
4	0.05144238471984863	0.18854613510619073	100000
4	0.26044750213623047	0.19383282595310158	1000000
4	0.11244034767150879	0.1416961639578299	100
4	0.0010960102081298828	0.1884199426986016	1000
4	0.16911888122558594	0.18238664881509753	10000
4	0.07752013206481934	0.19606889221620796	100000
4	0.2265641689300537	0.1934703270280089	1000000
4	0.18957114219665527	0.33238504541184855	100
4	0.1994342803955078	0.1438283283633035	1000
4	0.04337024688720703	0.1889588434101756	10000
4	0.2687511444091797	0.18737469787180216	100000
4	0.31037163734436035	0.1940874177124658	1000000
4	0.1261768341064453	0.2116808964511462	100
4	0.1981678009033203	0.19432173428550006	1000
4	0.2211611270904541	0.18210795690150108	10000
4	0.10631442070007324	0.19419503228147034	100000
4	0.1633589267730713	0.19202391152565856	1000000
4	0.16141629219055176	0.16895817862441012	100
4	0.07700872421264648	0.20130503470010533	1000
4	0.06469058990478516	0.19627204779558133	10000
4	0.23148226737976074	0.19218436695063806	100000
4	0.12456536293029785	0.19298612418791528	1000000
4	0.19041848182678223	0.1800708953857263	100
4	0.2305464744567871	0.18138621574098937	1000
4	0.0018999576568603516	0.19358354722320742	10000
4	0.11506962776184082	0.192818829411114	100000
4	0.25017333030700684	0.1919603790894667	1000000
4	0.10637378692626953	0.1004643780607522	100
4	0.1251816749572754	0.16187913680744107	1000
4	0.23828721046447754	0.1823865495145976	10000
4	0.073028564453125	0.19111095519226948	100000
4	0.15394210815429688	0.1926281099167416	1000000
4	0.000972747802734375	0.09153640535952298	100
4	0.009236574172973633	0.20935857261429675	1000
4	0.11831474304199219	0.1942831655437447	10000
4	0.2577071189880371	0.19216256400314174	100000
4	0.22906160354614258	0.19407494404935322	1000000
4	0.2605769634246826	0.20860855996629712	100
4	0.22477197647094727	0.20254300340119746	1000
4	0.21973109245300293	0.19402300728455235	10000
4	0.050002098083496094	0.1946691874182623	100000
4	0.15159368515014648	0.19307738198145985	1000000
4	0.2641932964324951	0.10323507337106783	100
4	0.22834396362304688	0.21526861702823075	1000
4	0.001973390579223633	0.19546640893185785	10000
4	0.08590459823608398	0.19364816685094025	100000
4	0.262800931930542	0.19243143453972456	1000000
4	0.0009553432464599609	0.25057900250039855	100
4	0.1604926586151123	0.1892758121420095	1000
4	0.0019729137420654297	0.18818632013585515	10000
4	0.17120647430419922	0.19059601886036392	100000
4	0.3058953285217285	0.1921443685709841	1000000
4	0.06406998634338379	0.0972509943605734	100
4	0.0010585784912109375	0.2033546932489678	1000
4	0.29645609855651855	0.20175860477070923	10000
4	0.009675025939941406	0.19086483258250428	100000
4	0.2012166976928711	0.19086683515384661	1000000
4	0.00439906120300293	0.3315274359711473	100
4	0.10704874992370605	0.14804351775090482	1000
4	0.21381545066833496	0.1919488584757751	10000
4	0.20082640647888184	0.19439821316408873	100000
4	0.12708163261413574	0.19333259964418958	1000000
4	0.10214781761169434	0.17706699386312566	100
4	0.07754182815551758	0.18691960201938237	1000
4	0.24123048782348633	0.19319231501118725	10000
4	0.06482815742492676	0.18963432796978058	100000
4	0.17060542106628418	0.19388438822711493	1000000
4	0.12036824226379395	0.1752907065203998	100
4	0.00177764892578125	0.20646980839937557	1000
4	0.2114269733428955	0.19582810142760318	10000
4	0.23192071914672852	0.19115311271941798	100000
4	0.13513827323913574	0.19290309087981444	1000000
4	0.001055002212524414	0.2660267691813688	100
4	0.12995672225952148	0.16422337844076257	1000
4	0.04052734375	0.19379573659211466	10000
4	0.10869932174682617	0.1934153916502338	100000
4	0.1661825180053711	0.19329817166030405	1000000
4	0.03182244300842285	0.19216227958581375	100
4	0.0013310909271240234	0.17444688143739717	1000
4	0.004966020584106445	0.18714369214384374	10000
4	0.10361719131469727	0.1931181136283559	100000
4	0.20433926582336426	0.1929206890185344	1000000
4	0.029259681701660156	0.1722288911551981	100
4	0.005250453948974609	0.1673024844547896	1000
4	0.0017752647399902344	0.19802229561433954	10000
4	0.1168212890625	0.1888273907111062	100000
4	0.25291943550109863	0.19404649371324204	1000000
4	0.0010123252868652344	0.2082610561134027	100
4	0.02750420570373535	0.19945603161367523	1000
4	0.0018835067749023438	0.18693037088129938	10000
4	0.07617330551147461	0.19337273124472187	100000
4	0.20855402946472168	0.19316954859328897	1000000
4	0.003241300582885742	0.22128439989097684	100
4	0.0010247230529785156	0.21016280026815432	1000
4	0.05867624282836914	0.20613062276481975	10000
4	0.010298728942871094	0.19642460055470234	100000
4	0.22258782386779785	0.19457760831083612	1000000
4	0.08732438087463379	0.18168192329527838	100
4	0.16812443733215332	0.14688061137039243	1000
4	0.2098991870880127	0.2035467236297518	10000
4	0.014929533004760742	0.186999272507947	100000
4	0.12836742401123047	0.19140149186903485	1000000
4	0.0651388168334961	0.2774859179657189	100
4	0.20526766777038574	0.17692883153781566	1000
4	0.00182342529296875	0.19775096536975684	10000
4	0.013152837753295898	0.19231191700171207	100000
4	0.30876755714416504	0.1913569981530604	1000000
4	0.07715845108032227	0.14634595821496077	100
4	0.0673515796661377	0.20788738261856177	1000
4	0.21896600723266602	0.18374805617877277	10000
4	0.05104470252990723	0.1931142691381577	100000
4	0.11651873588562012	0.19250611426904865	1000000
4	0.017243385314941406	0.1645641264558504	100
4	0.1823742389678955	0.24645044241601516	1000
4	0.055794477462768555	0.2060077106574975	10000
4	0.2323765754699707	0.1891081876691628	100000
4	0.11562871932983398	0.1920143413598151	1000000
4	0.2517423629760742	0.08610896708100543	100
4	0.044568777084350586	0.1962279674889578	1000
4	0.06138491630554199	0.18296804215440338	10000
4	0.04587411880493164	0.19139854036344572	100000
4	0.27481842041015625	0.19184185517428726	1000000
4	0.002733945846557617	0.2669778886241251	100
4	0.09649825096130371	0.18462260452892848	1000
4	0.08853578567504883	0.1918518659465407	10000
4	0.10381817817687988	0.19463225612116458	100000
4	0.27590274810791016	0.19321658410076664	1000000
4	0.2337801456451416	0.5155762029282445	100
4	0.07061457633972168	0.1821749689191379	1000
4	0.10065555572509766	0.17879547276478466	10000
4	0.18459320068359375	0.1987688552005502	100000
4	0.18466424942016602	0.19290516688571885	1000000
4	0.09438681602478027	0.17589927262300453	100
4	0.0018758773803710938	0.1558308158851276	1000
4	0.09240937232971191	0.2026163024575947	10000
4	0.03579902648925781	0.19480149275734354	100000
4	0.116851806640625	0.1928872159250838	1000000
4	0.32537102699279785	0.07267580930503509	100
4	0.261110782623291	0.12836694991204867	1000
4	0.34925127029418945	0.1884832313877105	10000
4	0.35814809799194336	0.19149495986456042	100000
4	0.17101740837097168	0.19205436358936556	1000000
4	0.17042231559753418	0.19230611281203627	100
4	0.0055577754974365234	0.19048173055007728	1000
4	0.1224982738494873	0.18985307310670127	10000
4	0.16857266426086426	0.19275034084724615	100000
4	0.19974660873413086	0.19299989030386758	1000000
4	0.001495361328125	0.19261964460714226	100
4	0.07328224182128906	0.17367081642389215	1000
4	0.07196259498596191	0.19782448262965743	10000
4	0.10106492042541504	0.1959000673142344	100000
4	0.3540349006652832	0.19264950481707432	1000000
4	0.023186683654785156	0.16709544728481157	100
4	0.003649473190307617	0.18764917474731913	1000
4	0.0018513202667236328	0.19687797325141276	10000
4	0.09088706970214844	0.1958771322938241	100000
4	0.3649711608886719	0.1933961907601623	1000000
4	0.0009493827819824219	0.12387156000454197	100
4	0.04636573791503906	0.19634672687396731	1000
4	0.08224725723266602	0.18407573726359622	10000
4	0.1382286548614502	0.19145774026280474	100000
4	0.3849670886993408	0.19252271812410776	1000000
4	0.13063573837280273	0.16216305487221438	100
4	0.05100655555725098	0.18790028487736432	1000
4	0.0024747848510742188	0.189465539855296	10000
4	0.010489702224731445	0.19474317905106484	100000
4	0.26653456687927246	0.1929268751315167	1000000
4	0.13817572593688965	0.18045829722974666	100
4	0.0044019222259521484	0.15673351464628504	1000
4	0.06292414665222168	0.20333278834025625	10000
4	0.029361963272094727	0.19127442727958568	100000
4	0.3721029758453369	0.1922527243014503	1000000
4	0.25217199325561523	0.5528928981174679	100
4	0.10513997077941895	0.18671663329606272	1000
4	0.0017974376678466797	0.19411580036573253	10000
4	0.014479875564575195	0.19738976658751534	100000
4	0.11151909828186035	0.19337731434552435	1000000
4	0.23803329467773438	0.34519698699671564	100
4	0.08380484580993652	0.17878227381882472	1000
4	0.13884496688842773	0.19574665934916205	10000
4	0.01416325569152832	0.19544210746980084	100000
4	0.1946704387664795	0.19280538547833842	1000000
4	0.11531424522399902	0.1972723270566198	100
4	0.07816028594970703	0.2096510979750797	1000
4	0.0018229484558105469	0.19973202974307802	10000
4	0.009810924530029297	0.19011058476685266	100000
4	0.13624787330627441	0.19286093779839586	1000000
4	0.12534546852111816	0.15350971104635727	100
4	0.2008984088897705	0.15871369240992272	1000
4	0.16826081275939941	0.19608119593819073	10000
4	0.07122230529785156	0.19257379952163453	100000
4	0.39630842208862305	0.1921340665931642	1000000
4	0.000980377197265625	0.1684399753434737	100
4	0.29257702827453613	0.22035385113371891	1000
4	0.11899042129516602	0.18648559468171136	10000
4	0.11195850372314453	0.19394488763919165	100000
4	0.1669766902923584	0.19336281587881157	1000000
4	0.009181737899780273	0.08623898645175761	100
4	0.0022401809692382812	0.19262160439690704	1000
4	0.12015509605407715	0.19080023530012752	10000
4	0.07524847984313965	0.1893595713352481	100000
4	0.13359594345092773	0.19197364409205728	1000000
4	0.13885855674743652	0.1888543189497775	100
4	0.17068743705749512	0.1489990131394634	1000
4	0.1002509593963623	0.18772524984626648	10000
4	0.033400774002075195	0.18934102406615488	100000
4	0.22741913795471191	0.19191413234893476	1000000
4	0.002197742462158203	0.09025028463909249	100
4	0.0682528018951416	0.20591489157635215	1000
4	0.04195070266723633	0.19558673233448626	10000
4	0.12804412841796875	0.192705535800056	100000
4	0.29331278800964355	0.19323739314122007	1000000
4	0.1803741455078125	0.1230361817164681	100
4	0.22478342056274414	0.17666714754098958	1000
4	0.09633803367614746	0.18847994133330725	10000
4	0.31990861892700195	0.19657918428414278	100000
4	0.21010756492614746	0.1921758402822346	1000000
4	0.08726358413696289	0.15350017337964728	100
4	0.0010783672332763672	0.1964924405859202	1000
4	0.26819539070129395	0.20813643202515764	10000
4	0.09293508529663086	0.1881195414615177	100000
4	0.21262645721435547	0.1920765442568483	1000000
4	0.14582443237304688	0.15252360429084805	100
4	0.2649106979370117	0.19372837232528384	1000
4	0.16988444328308105	0.19058927147920188	10000
4	0.2020881175994873	0.19274381855067874	100000
4	0.16833901405334473	0.1926888823903878	1000000
4	0.0009698867797851562	0.23945530794279798	100
4	0.0010137557983398438	0.18803875863779398	1000
4	0.24530911445617676	0.21116299843592579	10000
4	0.016040802001953125	0.19287914140789414	100000
4	0.09717869758605957	0.19098109940973357	1000000
4	0.19807100296020508	0.149683503155922	100
4	0.2404003143310547	0.18872650536290403	1000
4	0.0038785934448242188	0.18982373810429362	10000
4	0.2436203956604004	0.19488944453824156	100000
4	0.10888338088989258	0.19245226095786616	1000000
4	0.08398056030273438	0.24658641906995105	100
4	0.07889366149902344	0.1975309839014445	1000
4	0.002772092819213867	0.1897638353143073	10000
4	0.03204607963562012	0.1922937266382576	100000
4	0.26474738121032715	0.19214022936553626	1000000
4	0.3066120147705078	0.25004590452771747	100
4	0.0026330947875976562	0.18824760054094705	1000
4	0.1195993423461914	0.17404891112515314	10000
4	0.06438112258911133	0.19123115273770086	100000
4	0.2873880863189697	0.19287053908480448	1000000
4	0.14706039428710938	0.25031314374414526	100
4	0.20693421363830566	0.2070643368740434	1000
4	0.0036106109619140625	0.2006727520938891	10000
4	0.15448236465454102	0.18939578629976384	100000
4	0.1721348762512207	0.19476374509192965	1000000
4	0.1336827278137207	0.169322755232842	100
4	0.18477106094360352	0.16916683396250062	1000
4	0.16731977462768555	0.17629230487375394	10000
4	0.040764570236206055	0.1961484124882753	100000
4	0.2730114459991455	0.19344065060445148	1000000
4	0.2176671028137207	0.3141208722108233	100
4	0.24119138717651367	0.17316293398126903	1000
4	0.0018491744995117188	0.19168476216915953	10000
4	0.11403131484985352	0.18873565678866888	100000
4	0.12343788146972656	0.19398970144398436	1000000
4	0.2288651466369629	0.16281537818537967	100
4	0.2467210292816162	0.16405309545889574	1000
4	0.026010513305664062	0.19000061387164294	10000
4	0.017021894454956055	0.19484380600408693	100000
4	0.10684442520141602	0.1922888788212251	1000000
4	0.0010371208190917969	0.09888631000847539	100
4	0.24930024147033691	0.1568474999390767	1000
4	0.2098701000213623	0.2097077966803333	10000
4	0.14258718490600586	0.19828537092754372	100000
4	0.10431647300720215	0.1920071443298299	1000000
4	0.14899945259094238	0.21451965441002746	100
4	0.2296915054321289	0.18475081781528982	1000
4	0.06342840194702148	0.19010589046747103	10000
4	0.012362003326416016	0.18724067227238098	100000
4	0.2283308506011963	0.1924138043065618	1000000
4	0.15036487579345703	0.29609062942691944	100
4	0.003835439682006836	0.2515573197725812	1000
4	0.0994420051574707	0.19618458888983076	10000
4	0.31571054458618164	0.18804837170243388	100000
4	0.10713958740234375	0.19333853207456572	1000000
4	0.06598019599914551	0.17524703705858286	100
4	0.044931650161743164	0.1918300976727983	1000
4	0.0552668571472168	0.18414745529583676	10000
4	0.02984905242919922	0.18956941441337913	100000
4	0.21052980422973633	0.19331075486688082	1000000
4	0.05542564392089844	0.3134371936924272	100
4	0.06034040451049805	0.18296706920080036	1000
4	0.10635638236999512	0.18252011718424066	10000
4	0.0856783390045166	0.19263612453172005	100000
4	0.12359499931335449	0.19257419598105757	1000000
4	0.07460904121398926	0.2484875217318433	100
4	0.273388147354126	0.1621631522745332	1000
4	0.044020891189575195	0.1873955814453649	10000
4	0.010212421417236328	0.1872890349485059	100000
4	0.2815845012664795	0.1919397660650471	1000000
4	0.000965118408203125	0.15140262537152444	100
4	0.042290687561035156	0.20958359095842627	1000
4	0.05701303482055664	0.1893460596997525	10000
4	0.3022480010986328	0.1906330758265956	100000
4	0.23949718475341797	0.19265155953232743	1000000
4	0.05014228820800781	0.21902101603987473	100
4	0.02049994468688965	0.17618119957884815	1000
4	0.07421493530273438	0.18903605306328328	10000
4	0.24510407447814941	0.19271545256602846	100000
4	0.1188962459564209	0.19472723914964596	1000000
4	0.05856609344482422	0.1347798086029363	100
4	0.21191763877868652	0.22564985516926397	1000
4	0.019562482833862305	0.1967359978930876	10000
4	0.01846766471862793	0.19446390981336636	100000
4	0.20831608772277832	0.19355068155960653	1000000
4	0.08070206642150879	0.3273039495934853	100
4	0.0010416507720947266	0.19557650206608768	1000
4	0.2602231502532959	0.1937778031809792	10000
4	0.04143047332763672	0.19568354764659887	100000
4	0.20089221000671387	0.19271929909317004	1000000
4	0.03316473960876465	0.08016056465942889	100
4	0.0541839599609375	0.25200279042507046	1000
4	0.0037469863891601562	0.19561820424850274	10000
4	0.009846687316894531	0.19134366613078885	100000
4	0.131239652633667	0.1920487995919375	1000000
4	0.0659942626953125	0.11217295962945625	100
4	0.10809993743896484	0.20264256645901546	1000
4	0.15420007705688477	0.1760149187247144	10000
4	0.009644269943237305	0.1943261337978866	100000
4	0.40659618377685547	0.19311292073238215	1000000
4	0.08908390998840332	0.17992166454367065	100
4	0.032129526138305664	0.21351299166195786	1000
4	0.10658621788024902	0.1989198719718439	10000
4	0.016286134719848633	0.19189913474087492	100000
4	0.1184701919555664	0.19236062450162109	1000000
4	0.15667319297790527	0.2683917958341573	100
4	0.001070261001586914	0.19598645807592596	1000
4	0.003865480422973633	0.18424104863971996	10000
4	0.15173697471618652	0.19119329095046522	100000
4	0.12619757652282715	0.19152883701535564	1000000
4	0.0420379638671875	0.247104979104267	100
4	0.0901174545288086	0.1925842632952562	1000
4	0.0018007755279541016	0.19111873327836237	10000
4	0.012965679168701172	0.19286213902396876	100000
4	0.19325876235961914	0.19313632739016806	1000000
4	0.25501489639282227	0.11599523714648916	100
4	0.17151570320129395	0.265672698851325	1000
4	0.0017974376678466797	0.18870956707035857	10000
4	0.19735383987426758	0.19147375689535517	100000
4	0.35286831855773926	0.1915718883278582	1000000
4	0.04901885986328125	0.15807343627151152	100
4	0.28613710403442383	0.1960699447112997	1000
4	0.10532784461975098	0.1945829426143686	10000
4	0.010352134704589844	0.19572776550146745	100000
4	0.2720930576324463	0.19350819132461253	1000000
4	0.13885927200317383	0.1277296192566269	100
4	0.10857462882995605	0.20590739229896488	1000
4	0.08236169815063477	0.1826622479264591	10000
4	0.12722158432006836	0.19375333582776683	100000
4	0.32041382789611816	0.19212787937218057	1000000
4	0.0009856224060058594	0.1834810034175436	100
4	0.07294774055480957	0.182250159790788	1000
4	0.21680259704589844	0.20061981923256184	10000
4	0.012721776962280273	0.19332074904692564	100000
4	0.18562698364257812	0.19127913815962982	1000000
4	0.26186084747314453	0.08375871130624274	100
4	0.39488935470581055	0.23319357899499207	1000
4	0.0017976760864257812	0.1950746023273966	10000
4	0.010036468505859375	0.19490516957552176	100000
4	0.4302845001220703	0.19507927924346305	1000000
4	0.13437628746032715	0.19381546271385897	100
4	0.11424636840820312	0.19129716126877586	1000
4	0.18726015090942383	0.18391336670467884	10000
4	0.01341700553894043	0.19054402800323594	100000
4	0.15541338920593262	0.19318156838652217	1000000
4	0.14050841331481934	0.25786532419862973	100
4	0.09982466697692871	0.1475492864093805	1000
4	0.09852147102355957	0.1910848720744161	10000
4	0.015887737274169922	0.19510439401303684	100000
4	0.2957892417907715	0.19133664235323242	1000000
4	0.07793116569519043	0.21474348419840183	100
4	0.2769598960876465	0.19293473579125536	1000
4	0.07533621788024902	0.18818940579939372	10000
4	0.013648271560668945	0.1894116393517185	100000
4	0.20075654983520508	0.1924002109587422	1000000
4	0.0009562969207763672	0.11475335618079693	100
4	0.21227455139160156	0.17551982384409193	1000
4	0.12790942192077637	0.19324892780877295	10000
4	0.25754332542419434	0.19405178203463685	100000
4	0.31487202644348145	0.1930293774018308	1000000
4	0.23592352867126465	0.09246268390681545	100
4	0.12333345413208008	0.2250509346641898	1000
4	0.11373686790466309	0.19714385174330037	10000
4	0.01665043830871582	0.18696280282021555	100000
4	0.10025835037231445	0.1908917148376892	1000000
4	0.0009682178497314453	0.23702470927462713	100
4	0.1784968376159668	0.1837836999982634	1000
4	0.003034353256225586	0.18878304251227743	10000
4	0.0698237419128418	0.19034393646424957	100000
4	0.2989776134490967	0.19344468065744388	1000000
4	0.1538243293762207	0.18511655556614043	100
4	0.23349714279174805	0.17093669619847746	1000
4	0.29769086837768555	0.17803479821599577	10000
4	0.16521978378295898	0.19160646084404598	100000
4	0.19580459594726562	0.19256075294817926	1000000
4	0.041321516036987305	0.21886601286849927	100
4	0.0044651031494140625	0.20683423903592973	1000
4	0.14156317710876465	0.18532070715369986	10000
4	0.01160740852355957	0.19560194673786033	100000
4	0.37920212745666504	0.19408144879168482	1000000
4	0.23922157287597656	0.1715095254794339	100
4	0.10451769828796387	0.19076857195860544	1000
4	0.08841967582702637	0.18274448737452106	10000
4	0.2555880546569824	0.19073203239218994	100000
4	0.21235036849975586	0.19356574442038701	1000000
4	0.3616783618927002	0.17834471909811442	100
4	0.27120471000671387	0.20454740566205848	1000
4	0.07212233543395996	0.18666522160681215	10000
4	0.012888193130493164	0.19082187130764225	100000
4	0.11394476890563965	0.1935517681230028	1000000
4	0.021871089935302734	0.1375276973711702	100
4	0.1060495376586914	0.19912016979778485	1000
4	0.1493842601776123	0.19772213650474196	10000
4	0.09809160232543945	0.1899878624432736	100000
4	0.39069342613220215	0.19263794703842008	1000000
4	0.036988019943237305	0.1653647730884244	100
4	0.07633423805236816	0.23050320526803636	1000
4	0.204909086227417	0.1915267451542027	10000
4	0.21895718574523926	0.19690801197273464	100000
4	0.1615772247314453	0.19226246765709049	1000000
4	0.08428716659545898	0.1564360720405271	100
4	0.04341697692871094	0.18431034966811638	1000
4	0.13954496383666992	0.2012997991522007	10000
4	0.014563322067260742	0.19168145863532524	100000
4	0.1219487190246582	0.19300185798657088	1000000
4	0.30248522758483887	0.10487542809130421	100
4	0.04732680320739746	0.2323050977497911	1000
4	0.002286672592163086	0.18737832042096914	10000
4	0.1238100528717041	0.1934382072410929	100000
4	0.29498815536499023	0.19231738788024486	1000000
4	0.023599624633789062	0.21175597927303208	100
4	0.0017380714416503906	0.1919995955681411	1000
4	0.2932262420654297	0.19235342923483056	10000
4	0.018344640731811523	0.1928043066960386	100000
4	0.3404562473297119	0.1925553536385626	1000000
4	0.0013072490692138672	0.2628202573529702	100
4	0.014427661895751953	0.2175683007581329	1000
4	0.09696531295776367	0.20968340051524847	10000
4	0.032392263412475586	0.19454557626049984	100000
4	0.13956904411315918	0.1914794433933474	1000000
4	0.055716753005981445	0.17270224992370026	100
4	0.05196118354797363	0.19050323831465452	1000
4	0.0017976760864257812	0.20862826667217083	10000
4	0.17189431190490723	0.18966780151203058	100000
4	0.19664263725280762	0.19316795013588517	1000000
4	0.24479889869689941	0.3560489065077757	100
4	0.0010418891906738281	0.16103258150048125	1000
4	0.15862607955932617	0.19749538577454667	10000
4	0.15136170387268066	0.19349861172793306	100000
4	0.17045807838439941	0.19279649853796585	1000000
4	0.2693939208984375	0.15233575232080432	100
4	0.0009565353393554688	0.18820932872979812	1000
4	0.09065580368041992	0.19576552991481755	10000
4	0.08794140815734863	0.1963878360620231	100000
4	0.279099702835083	0.1927423490136014	1000000
4	0.0016107559204101562	0.29089423556048377	100
4	0.005179405212402344	0.20045765661815088	1000
4	0.02329230308532715	0.18924176875844761	10000
4	0.07414960861206055	0.19331436867267127	100000
4	0.2408614158630371	0.19375145032113178	1000000
4	0.10046124458312988	0.14867164539446925	100
4	0.0019919872283935547	0.18298221898600148	1000
4	0.23677587509155273	0.18931549012381366	10000
4	0.04355263710021973	0.19404098744529505	100000
4	0.162567138671875	0.19256140529924692	1000000
4	0.09074616432189941	0.10464831134540933	100
4	0.23072147369384766	0.19540501713944947	1000
4	0.15375852584838867	0.19558805910167096	10000
4	0.3043067455291748	0.1968323868296594	100000
4	0.3338475227355957	0.19296267026512492	1000000
